0.82983683
0.82983683
0.82983683
0.82983683
0.82983683
0.82983683
0.82983683
0.82983683
0.82983683
0.82983683
0.82983683
0.82983683
0.82983683
0.82983683
0.82983683
0.82983683
0.82983683
0.82983683
0.82983683
0.82983683
0.82983683
0.82983683
0.82983683
0.82983683
0.82983683
0.82983683
0.82983683
0.82983683
0.82983683
0.82983683
0.82983683
0.82983683
0.82983683
0.82983683
0.82983683
0.82983683
0.82983683
0.82983683
0.82983683
0.82983683
0.82983683
0.82983683
0.82983683
0.82983683
0.82983683
0.82983683
0.82983683
0.82983683
0.82983683
0.82983683
0.82983683
0.82983683
0.82983683
0.82983683
0.82983683
0.82983683
0.82983683
0.82983683
0.82983683
0.82983683
0.82983683
0.82983683
0.82983683
0.82983683
0.82983683
0.82983683
0.82983683
0.832627119
0.854717345
0.850253807
0.853721129
0.868816531
0.869074492
0.857179852
0.865243004
0.863621207
0.868034601
0.870495897
0.875935659
0.885598142
0.889621087
0.891008345
0.902291345
0.911002102
0.917063393
0.926801589
0.916017087
0.913204778
0.92824404
0.900508351
0.906836699
0.904031034
0.909620614
0.920056619
0.977966644
0.988076838
0.975559398
0.961101681
0.939303127
0.956680195
