0.5
3.05
8.5
14.12
19.17
22.45
27.76
29.84
31.41
31.95
33.85
34.12
34.08
34.49
33.75
34.2
34.62
34.92
35.25
35.68
34.27
35.17
35.16
34.03
33.67
33.52
35.33
35.09
34.66
34.64
35.71
34.87
35.78
36.31
34.9
34.23
33.29
32.76
35.49
32.52
31.98
31.35
29.89
28.76
26.04
22.85
17.86
15.27
10.9
0.19
0.74
2.93
5.04
6.79
8.86
9.1
9.53
9.96
9.92
10.09
9.18
9.17
10.41
9.97
9.51
9.61
10.03
10.38
9.46
10.45
11.46
10.82
10.81
9.99
10.88
11.09
10.78
11.12
11.49
10.52
10.73
10
10.89
9.69
10.06
10
9.63
9.83
9.02
8.34
8.61
7.97
7.33
6.22
5.52
4.12
3.51
3.23

2.24
7.46
15.38
19.68
23.09
28.33
32.79
37.49
42.25
43.81
45.34
46.82
46.35
48.58
49.86
49.6
50.89
49.59
50.38
50.99
50.99
51.31
50.89
51.93
51.89
52.1
51.07
50.85
51.21
50.94
50.35
50.41
48.2
47.73
48.34
48.18
47.83
47.36
44.13
43.8
42.22
42.23
39.18
37.56
35.34
31.21
26
23.35
17.4
1.83
7.77
16.76
23.88
29.73
33.21
39.7
42.4
42.41
43.05
42.39
40.22
40.67
39.74
39.96
39.54
39.77
40.78
40.39
42.16
41.89
42.35
43.85
44.69
46.25
45.52
45.32
45.43
44.63
43.73
45.21
42.37
42.44
41.55
41.05
39.8
38.56
36.91
34.25
35.42
32.34
31.37
31.08
29.45
25.71
22.9
18.78
15.38
11.69

83.83
64.11
44.49
36.85
30.07
20.33
11.61
8.35
5.24
4.11
3.07
2.55
2.2
1.63
1.48
1.08
0.91
0.98
0.55
0.68
0.47
0.59
0.5
0.6
0.44
0.5
0.39
0.53
0.26
0.39
0.2
0.36
0.25
0.19
0.2
0.24
0.09
0.19
0.04
0.19
0.24
0.06
0.01
0.03
0.1
0.02
0
0
0
83.34
63.34
45.94
36.22
26.51
13.97
7.69
4.76
3.83
3.16
2.77
2.36
2.13
1.74
2.15
1.94
1.79
1.5
1.52
1.51
1.37
1.26
1.15
1.59
0.92
1.03
0.79
0.86
0.85
0.62
0.57
0.49
0.51
0.39
0.24
0.13
0.25
0.37
0.39
0.25
0.16
0.06
0.14
0.12
0.1
0.1
0.16
0.06
0

13.43
25.38
31.64
29.35
27.66
28.89
27.84
24.32
21.11
20.12
17.74
16.5
17.37
15.3
14.92
15.12
13.58
14.51
13.82
12.65
14.27
12.92
13.45
13.44
14.01
13.88
13.21
13.53
13.87
14.03
13.74
14.36
15.77
15.77
16.56
17.36
18.79
19.69
20.33
23.49
25.57
26.37
30.92
33.64
38.52
45.93
56.14
61.38
71.7
14.65
28.15
34.37
34.85
36.97
43.96
43.5
43.31
43.81
43.88
44.74
48.24
48.04
48.11
47.92
49.01
48.83
47.69
47.71
46.87
46.29
44.93
44.18
42.91
42.85
42.57
42.8
42.93
43.4
44.16
43.71
46.4
47.05
47.18
49.02
50.02
51.2
53.1
55.52
55.31
59.16
59.96
60.8
63.1
67.98
71.48
76.94
81.06
85.08
