        0
        0
 .0006863
 .0021067
 .0042194
  .005618
 .0085409
 .0153061
 .0162482
 .0184775
  .021021
 .0259644
 .0352682
 .0367776
 .0334873
        0
        0
        0
 .0019704
 .0019474
 .0058423
  .001998
 .0060606
 .0050403
 .0091837
 .0112705
 .0081136
  .012024
 .0173812
  .015015
        0
        0
 .0023866
 .0059595
  .010119
 .0132371
 .0264615
 .0469841
 .0556634
 .0573664
 .0586701
 .0693454
 .0620104
 .0804878
 .0794342
        0
 .0005845
 .0004895
  .001955
 .0034381
 .0059553
 .0101266
 .0206079
 .0192308
  .018799
 .0252499
 .0262467
 .0237092
 .0250321
 .0265184
 .0011962
 .0008787
  .002059
 .0049157
 .0070323
  .008427
 .0113879
 .0145773
 .0155096
 .0199557
 .0142643
  .014095
 .0161646
 .0245184
 .0150115
 .0017361
 .0012547
 .0028736
 .0098522
 .0077897
 .0155794
  .013986
 .0181818
 .0252016
 .0183673
 .0215164
  .020284
 .0190381
   .01854
 .0255255
        0
        0
 .0053699
 .0089392
 .0095238
 .0144404
 .0166154
 .0260317
  .020712
 .0325945
 .0345502
 .0324044
 .0339426
 .0325203
 .0380849
 .0007843
 .0005845
 .0146843
 .0239492
 .0260314
 .0248139
 .0374684
 .0386399
  .039501
 .0360313
 .0299842
 .0272966
  .024236
 .0301669
 .0333618
 .0143541
 .0289982
 .0555937
 .1404494
 .1624473
 .2008427
 .2128114
 .2390671
 .2518464
  .263119
  .259009
 .2596439
 .2520206
 .2390543
 .2482679
 .0052083
 .0087829
 .0162835
 .0463054
 .0506329
 .0428432
  .045954
 .0464646
 .0584677
 .0591837
 .0543033
 .0578093
 .0651303
 .0533024
 .0570571
 .0018265
 .0119048
 .0966587
 .1233611
 .1404762
 .1468111
 .1704615
 .1746032
  .181877
 .1910039
 .1890482
 .1808166
 .1840731
 .1788618
 .1610446
 .0023529
 .0040912
 .0249633
 .0332356
 .0358546
 .0411911
 .0374684
 .0407007
  .043659
 .0407311
 .0420831
 .0451444
 .0495258
 .0404365
 .0427716
        0
        0
  .002059
 .0077247
 .0126582
 .0175562
 .0256228
 .0437318
 .0539143
 .0739098
 .0758258
 .0749258
 .0646583
   .08669
 .0842956
        0
 .0012547
        0
 .0068966
 .0194742
 .0214216
  .042957
 .0616162
 .0675403
 .0795918
 .0860656
 .0750507
 .0941884
 .1054461
 .0960961
 .0009132
        0
 .0137232
 .0238379
 .0333333
 .0547533
 .0849231
  .111746
 .1495146
 .1714472
 .1910039
  .198315
   .20953
  .198374
 .2274211
        0
 .0023378
 .0083211
 .0171065
 .0294695
  .048139
 .1144304
 .1540443
 .1767152
  .183812
 .1930563
  .216273
 .2012645
 .2130937
 .2249786
        0
 .0035149
 .0082361
 .0231742
 .0464135
 .0442416
 .0405694
  .048105
 .0568685
 .0487805
 .0593093
 .0504451
 .0529023
 .0516637
 .0496536
 .0017361
 .0112923
 .0210728
  .070936
 .0827653
 .1061344
 .1298701
 .1393939
 .1350806
 .1438775
 .1362705
 .1338742
 .1182365
 .1147161
 .1111111
 .0009132
 .0035014
 .0369928
 .0512515
 .0607143
 .0619735
     .088
  .095873
 .1029126
 .0977836
 .1023468
 .0972132
 .0900783
  .102439
 .0979325
        0
 .0175336
 .1194322
 .1534702
 .1856582
 .2163772
 .2344304
 .2297785
  .235447
 .2402089
 .2377696
 .2183727
 .2260274
 .2137356
 .2112917
 .0215311
  .043058
 .0775566
 .1235955
 .1729958
 .1867978
       .2
 .2230321
 .2296898
 .2195122
  .246997
 .2188427
  .238795
 .2364273
 .2332563
 .0034722
 .0112923
 .0306513
 .0738916
 .0827653
 .0944499
 .0949051
 .1030303
 .1159274
 .1132653
 .1055328
 .1237322
 .1122245
 .1297798
 .1381381
 .0109589
 .0231092
  .124105
 .1150179
 .1434524
   .16787
 .1926154
 .2114286
 .2161812
 .1988266
 .1955671
 .1924822
  .189295
 .1813008
 .1838955
 .0062745
 .0157802
 .0675477
 .0782014
 .0943026
 .0997519
  .116962
 .1107676
 .1112266
 .1049608
 .1009995
 .1081365
 .1106428
 .1007702
  .106929
 .7595694
 .6572935
  .544269
 .2183989
 .1343179
 .0835674
  .086121
 .0415452
 .0420975
 .0339985
 .0247748
 .0274481
 .0279206
 .0175131
 .0196305
 .7170139
 .6486826
 .5210728
 .2009852
 .1217137
 .0886076
 .0739261
 .0373737
 .0322581
  .044898
 .0286885
  .035497
 .0250501
 .0243337
 .0165165
 .8995434
 .8319328
 .4140812
 .3462455
 .2797619
 .2448857
 .1304615
 .1028571
 .0647249
 .0521512
 .0528031
 .0408296
   .04047
 .0292683
 .0348205
 .9066667
 .8398597
 .4263338
  .342131
 .2721022
 .2203474
 .1012658
  .072643
 .0592516
 .0553525
  .040505
 .0414698
 .0484721
 .0500642
 .0427716
 .2033493
 .2662566
 .3095401
 .4796348
 .4599156
 .4529494
 .4149466
 .3746356
 .3338257
 .3222469
 .2987988
  .328635
 .3122704
 .3073555
 .3163972
 .2708333
 .3174404
  .408046
 .5891626
 .6329114
 .6251217
 .5964036
 .5878788
 .5604839
 .5316326
 .5563524
 .5456389
 .5541082
 .5365006
 .5405406
 .0858447
 .1295518
 .3066826
 .3253874
 .3226191
 .2960289
 .2904615
 .2304762
 .2084142
 .1988266
 .1760104
 .1885936
 .1906005
  .196748
 .1773667
 .0839216
 .1192285
 .3382281
 .3499511
 .3531434
 .3434243
 .3478481
 .3328181
 .3149688
 .3201044
 .3303524
 .3170604
 .3161222
 .3267009
 .3113773
