1.011881188
1.011881188
1.011881188
1.011881188
1.011881188
1.011881188
1.011881188
1.011881188
1.011881188
1.011881188
1.011881188
1.011881188
1.011881188
1.011881188
1.011881188
1.011881188
1.011881188
1.011881188
1.011881188
1.011881188
1.011881188
1.011881188
1.011881188
1.011881188
1.011881188
1.011881188
1.011881188
1.011881188
1.011881188
1.015151515
1.015306122
1.019672132
1.020689655
1.017804154
1.019073569
1.021428572
1.041214751
1.046511628
1.045652174
1.046092184
1.04347826
1.038976857
1.035916824
1.03941731
1.049361703
1.067857143
1.056864338
1.04719764
1.053452116
1.05431093
1.057109558
1.057112069
1.056281407
1.060314242
1.063619228
1.067685589
1.072916667
1.075424782
1.081601232
1.086112129
1.088413547
1.092518371
1.096221022
1.097394908
1.098130841
1.10592056
1.107459207
1.110805085
1.114412502
1.118926759
1.127288281
1.135097057
1.144469526
1.152660883
1.164825724
1.177392464
1.187386844
1.191669639
1.195094761
1.199041812
1.203163097
1.208383008
1.212513356
1.215891327
1.215083939
1.215292226
1.211168362
1.209670186
1.211416247
1.212127814
1.220403826
1.226311351
1.230545125
1.229983384
1.220508193
1.211774123
1.203112499
1.200038253
1.198081138
1.197444711
