0.06
0.5
1.69
2.56
4.74
6.8
10.8
14.9
19.12
21.58
23.45
26.63
27.04
30.66
30.52
31.49
31.03
32.09
33.07
35.36
34.5
35.05
35.3
35
36.19
34.54
35.93
34.93
36.13
35.11
33.55
33.95
33.38
32.72
33.1
30.68
33.94
30.87
30.19
29.64
27.69
26.19
24.28
23.19
20.47
18.42
16.09
13.71
10.55
0.04
0.52
1.79
2.56
4.21
7.25
11.83
15.51
17.14
18.25
17.98
18.44
18.74
18.24
17.74
19.27
18.39
19.28
18.16
19.85
20.58
19.07
20.08
20.68
20.83
20.22
20.5
19.44
18.7
18.32
18.47
16.78
16.77
15.71
15.35
15.61
14.49
12.94
12.26
12.95
10.87
10.76
9.97
9.1
7.48
7.72
5.31
5.06
3.03
0.29
1.23
3.37
5.13
5.56
6.39
8.06
9.42
9.57
10.37
10.15
10.21
10.57
9.98
10.23
9.36
10.39
9.48
9.83
9.66
9.85
9.76
9.71
10.31
9.75
9.96
9.94
10.05
9.76
9.69
10.15
9.55
9.69
10.02
9.79
9.4
9.71
9.98
9.61
8.9
8.94
10.11
8.69
9.16
7.6
8.23
5.93
4.61
3.61
0.93
5.17
12.04
16.75
21.07
22.8
24.21
24.31
23.59
22.2
21.52
19.65
19.36
19.7
19.17
17.84
18.16
18.39
19.25
18.7
18.2
20.3
20.55
20.55
20.81
21.73
20.57
22.57
21.24
20.93
20.93
21.07
20.38
20.34
20.22
19.02
18.69
18.61
16.87
17.28
16.26
15.15
15.53
13.99
13.27
11.61
9.94
7.48
6.02
2.4
8.79
18.81
26.11
31.96
37.59
41.69
43.01
44.96
43.82
45.59
44.11
42.82
42.43
42.85
42.95
44.09
42.94
42.73
41.66
40.91
41.67
41.05
40.65
39.61
41.12
40.54
40.96
39.98
40.78
42.36
41.79
40.91
41.29
40.36
42.33
37.47
39.27
39.82
37.78
37.56
37.28
36.1
33.98
33.32
27.41
21.84
20.3
14.14
1.04
2.82
5.86
9.61
11.24
12.02
12.76
12.12
11.63
12.51
12.99
11.3
11.73
12.2
13.02
11.94
12.84
13.14
13.36
13.06
13.55
14.44
14.04
14.26
14.59
14.46
15.34
14.2
15.81
15.97
16.33
15.25
15.3
16.38
15.18
15.22
15.37
14.98
14.96
14.21
13.56
14.07
13.55
13.69
11.17
9.09
7.65
6.35
5.87
83.83
64.11
44.49
36.85
30.07
20.33
11.61
8.35
5.24
4.11
3.07
2.55
2.2
1.63
1.48
1.08
0.91
0.98
0.55
0.68
0.47
0.59
0.5
0.6
0.44
0.5
0.39
0.53
0.26
0.39
0.2
0.36
0.25
0.19
0.2
0.24
0.09
0.19
0.04
0.19
0.24
0.06
0.01
0.03
0.1
0.02
0
0
0
83.34
63.34
45.94
36.22
26.51
13.97
7.69
4.76
3.83
3.16
2.77
2.36
2.13
1.74
2.15
1.94
1.79
1.5
1.52
1.51
1.37
1.26
1.15
1.59
0.92
1.03
0.79
0.86
0.85
0.62
0.57
0.49
0.51
0.39
0.24
0.13
0.25
0.37
0.39
0.25
0.16
0.06
0.14
0.12
0.1
0.1
0.16
0.06
0
13.43
25.38
31.64
29.35
27.66
28.89
27.84
24.32
21.11
20.12
17.74
16.5
17.37
15.3
14.92
15.12
13.58
14.51
13.82
12.65
14.27
12.92
13.45
13.44
14.01
13.88
13.21
13.53
13.87
14.03
13.74
14.36
15.77
15.77
16.56
17.36
18.79
19.69
20.33
23.49
25.57
26.37
30.92
33.64
38.52
45.93
56.14
61.38
71.7
14.65
28.15
34.37
34.85
36.97
43.96
43.5
43.31
43.81
43.88
44.74
48.24
48.04
48.11
47.92
49.01
48.83
47.69
47.71
46.87
46.29
44.93
44.18
42.91
42.85
42.57
42.8
42.93
43.4
44.16
43.71
46.4
47.05
47.18
49.02
50.02
51.2
53.1
55.52
55.31
59.16
59.96
60.8
63.1
67.98
71.48
76.94
81.06
85.08
