6.1
0
6.43
6.59
7.59
7.31
7.18
7.03
6.91
6.84
0
6.77
7.05
7.17
6.91
7.48
7.07
6.93
0.51
0
0.59
0.72
0.74
0.98
0.9
1.05
1.06
1.35
0
1.46
1.47
1.79
1.53
1.92
2.05
1.96

1.83
0
1.94
1.74
1.79
1.83
1.79
1.7
1.9
1.78
0
1.86
1.68
1.55
1.62
1.47
1.45
1.48
2.07
0
2.34
2.47
2.76
2.81
3.02
2.83
2.63
2.56
0
2.78
2.65
2.66
2.8
2.56
2.53
2.86

19.13
0
22.23
22.99
23.08
23.65
22.08
21.29
19.41
18.5
0
20.79
19.57
20.27
20.54
20.41
19.81
17.98
3.88
0
5.23
5.05
5.25
5.24
5.22
5.09
5.29
4.55
0
4.78
4.58
4.64
4.87
4.61
4.66
3.8

16.27
0
16.52
17.55
17.31
17.12
17.62
17.81
17.28
18.18
0
18.12
19.26
19.82
20.12
19.77
19.99
19.62
7.31
0
8.39
8.92
9.69
10.08
10.14
10.97
12.05
13.33
0
14.2
14.81
15.81
16.99
17.4
17.49
18.25

6.3
0
6.77
6.17
6.5
6.71
7.02
6.65
6.6
6.58
0
6.82
7.08
6.75
7.39
7.82
7.31
7.55
11.16
0
13.07
13.46
14.05
15.09
14.7
14.89
14.54
14.91
0
15.67
16.34
16.72
16.17
16.68
17.79
17.45

14.25
0
16.22
16.18
16.55
16.47
15.65
15.84
14.96
15.96
0
16.16
16.43
16.42
16.58
16.83
17.59
16.81
6.2
0
6.86
7.2
6.87
7.26
7.67
7.18
7.28
7.33
0
7.75
7.95
8
8.6
8.38
8.28
8.7

9.11
0
8.97
8.32
7.98
8.12
8.04
8.22
8.46
8.12
0
7.54
7.93
7.2
7.2
6.79
6.91
7.11
6.99
0
7.46
7.12
6.91
7.07
7.27
7.55
7.53
7.62
0
6.28
6.86
6.76
6.33
6.77
6.39
6.58

27.02
0
20.93
20.46
19.21
18.79
20.62
21.47
24.49
24.03
0
21.94
21
20.82
19.64
19.41
19.88
22.52
61.88
0
56.06
55.07
53.74
51.48
51.08
50.44
49.62
48.35
0
47.07
45.34
43.64
42.7
41.69
40.82
40.41
