0.163896221
0.163896221
0.163896221
0.163896221
0.163896221
0.163896221
0.163896221
0.163896221
0.163896221
0.163896221
0.163896221
0.163896221
0.163896221
0.163896221
0.163896221
0.163896221
0.163896221
0.163896221
0.163896221
0.163896221
0.163896221
0.163896221
0.163896221
0.163896221
0.163896221
0.163896221
0.163896221
0.163896221
0.163896221
0.143742209
0.121900474
0.094573648
0.086573231
0.103040866
0.120373059
0.124177161
0.130245126
0.115558404
0.121670147
0.130121432
0.147899238
0.157204604
0.161574002
0.152433764
0.136706748
0.128543755
0.122754818
0.135346977
0.130331959
0.143781249
0.146471726
0.142263011
0.141583107
0.136815783
0.147901902
0.141821396
0.138827812
0.132579635
0.142667284
0.138184581
0.13704108
0.140561379
0.142536349
0.146709666
0.151273114
0.148374758
0.142658172
0.142612902
0.13563513
0.123882621
0.127629058
0.129942153
0.133433062
0.120968319
0.120336845
0.125213369
0.13036526
0.133080209
0.128576589
0.120001908
0.124316092
0.11742846
0.123149666
0.136249011
0.136019824
0.132761843
0.135133431
0.142529499
0.142839591
0.140273675
0.135675231
0.137686952
0.139012773
0.143911294
0.146524971
0.152009974
0.156175577
0.15568494
0.156490426
0.154803811
