27.20495665
27.23495665
27.26495665
27.29495665
27.32495665
27.35495665
27.38495665
27.41495665
27.44495665
27.47495665
27.50495665
27.53495665
27.56495665
27.59495665
27.62495665
27.65495665
27.68495665
27.71495665
27.74495665
27.77495665
27.80495665
27.83495665
27.86495665
27.89495665
27.92495665
27.95112816
27.97398526
27.99107184
27.99283952
27.98912653
27.99508695
28.05124514
28.12063548
28.11614016
28.12707678
28.18950609
28.20923759
28.23498324
28.265791
28.32437001
28.40561714
28.49699987
28.56460882
28.62590802
28.68571064
28.68627527
28.71858515
28.72040156
28.70891608
28.72973109
28.76385881
28.79324837
28.81432671
28.84493486
28.87357395
28.90885958
28.93275162
28.95865653
28.97908352
29.01807807
29.05795817
29.10486083
29.13963916
29.1698622
29.21134609
29.25776998
29.29778622
29.33316021
29.37808661
29.42223102
29.45081696
29.49082112
29.53203323
29.57928283
29.58881761
29.59921274
29.60993427
29.63286309
29.6669317
29.69991948
29.72683442
29.74818152
29.76613397
29.79173974
29.8204691
29.84826396
29.87005646
29.88886044
29.91037786
29.93098435
29.94807309
29.96234494
29.97917416
29.99832254
30.02184717
30.04663551
30.07440784
30.10487856
30.1374875
30.1718921
30.1968495
