0.893604908
0.893604908
0.893604908
0.893604908
0.893604908
0.893604908
0.893604908
0.893604908
0.893604908
0.893604908
0.893604908
0.893604908
0.893604908
0.893604908
0.893604908
0.893604908
0.893604908
0.893604908
0.893604908
0.893604908
0.893604908
0.893604908
0.893604908
0.893604908
0.893604908
0.893604908
0.893604908
0.893604908
0.893604908
0.893604908
0.893604908
0.893604908
0.893604908
0.893604908
0.893604908
0.893604908
0.893604908
0.893604908
0.893604908
0.893604908
0.893604908
0.893604908
0.893604908
0.893604908
0.893604908
0.893604908
0.893604908
0.898951224
0.895285457
0.903706084
0.906585631
0.905211577
0.904481914
0.899721124
0.904299974
0.901506537
0.898955883
0.894008129
0.899691681
0.899542557
0.900617022
0.904873103
0.905494832
0.908796188
0.909801038
0.908186323
0.906685767
0.907423411
0.905606987
0.901337046
0.902312035
0.902160411
0.90554565
0.900100332
0.893913119
0.895749995
0.895069975
0.891214586
0.888723981
0.883286217
0.883556961
0.87949535
0.884251425
0.889667032
0.886251604
0.885082806
0.880692417
0.883288254
0.881934665
0.881587721
0.876196056
0.878501944
0.877607673
0.875136993
0.875221385
0.879151698
0.879784041
0.879746361
0.884422579
0.88366483
