       0.000000      -0.499966      -0.376538       0.056365       0.246933       0.000000       0.000000       0.000000
       0.000000      -0.137082      -0.324178       0.290915       0.236342       0.000000       0.000000       0.000000
       0.000000      -0.373738       0.112847       0.104744      -0.059290       0.000000       0.000000       0.000000
       0.000000      -0.266128      -0.283738      -0.088500       0.215088       0.000000       0.000000       0.000000
       0.000000      -0.175918      -0.307244       0.147419      -0.124189       0.000000       0.000000       0.000000
       0.000000      -0.398049       0.040964       0.176219      -0.458973       0.000000       0.000000       0.000000
    9502.818359   11276.215820      -0.280118      -0.254832       0.577369       0.000000       0.000000       0.000000
   14950.032227   12589.525391       0.247719       0.388276       0.363515       0.000000       0.000000       0.000000
       0.350840       0.438431       0.629183       0.439141       0.472072       0.547267       0.000000       0.000000
     941.901001   10259.400391   18664.011719   30064.230469       2.351917       1.425239       0.000000       0.000000
       0.950000       0.000000       0.000000       0.000000       0.000000       0.000000       0.000000       0.000000
       0.000000       0.000000       0.121960       0.113117       0.000000       0.000000       0.000000       0.000000
       0.000000       0.000000       0.000000       0.000000       0.000000       0.000000       0.000000       0.000000
       0.267509       0.042007       0.594329       0.096155       0.213117       0.255933       0.448840       0.082110
       0.290057       0.065140       0.542066       0.102737       0.349230       0.308274       0.283028       0.059468
       0.424846       0.103947       0.350931       0.120276       0.423129       0.273626       0.233253       0.069992
       0.015382       0.018449       0.018301       0.017933       0.014948       0.012263       0.000000       0.000000
       0.000000       0.000000       0.000000       0.000000       0.000000       0.000000       0.000000       0.000000
       0.000000       0.000000       0.000000       0.000000       0.000000       0.000000       0.000000       0.000000
       0.000000       0.000000       0.000000       0.000000       0.000000       0.000000       0.000000       0.000000
       0.041784       0.688711       0.095080       0.174425       0.067418       0.318967       0.403730       0.209885
       0.185749       0.626599       0.088709       0.098943       0.121691       0.320727       0.281862       0.275720
       1.134264       1.221697       0.983777       1.335905       0.000000       0.000000       0.000000       0.000000
       0.835261       0.717294       1.355967       0.589303       0.000000       0.000000       0.000000       0.000000
       0.000000       0.000000       0.000000       0.000000       0.000000       0.000000       0.000000       0.000000
       0.058316       0.020812       0.014187       0.014790       0.005278       0.003598       0.000000       0.000000
       0.000000       0.027753       0.011468       0.000000       0.007039       0.002908       0.000000       0.000000
       0.000000       0.000000       0.035042       0.000000       0.000000       0.008887       0.000000       0.000000
       0.022473       0.004721       0.002908       0.079835       0.016773       0.010330       0.000000       0.000000
       0.000000       0.007437       0.002417       0.000000       0.026420       0.008587       0.000000       0.000000
       0.000000       0.000000       0.012924       0.000000       0.000000       0.045913       0.000000       0.000000
       0.053633       0.045546       0.026541       0.075750       0.047315       0.044418       0.000000       0.000000
       0.382886       0.320733       0.324428       0.442604       0.361189       0.383795    5243.127441   14605.901367
       0.000000    1022.498474    -816.742859    2638.409912    3881.076172    1771.500366    5792.117676   12788.867188
       0.000000     308.945160    -302.542908     568.109192    1997.033569    2189.295410       0.000000       0.000000
       0.000000    7238.414062    6375.456543    9654.998047   16893.412109   16030.454102   12190.915039   15528.015625
    4649.212891       0.000000    3202.890137   14304.210938    9654.998047   12857.887695   12190.915039   15528.015625
    3691.728271    4867.995605       0.000000   13346.726562   14522.993164    9654.998047   12190.915039   15528.015625
    9305.021484   13124.632812   12401.220703       0.000000    3819.610840    3096.198975   12190.915039   15528.015625
   13655.040039    9305.021484   14630.904297    4350.018555       0.000000    5325.882324   12190.915039   15528.015625
   13320.273438   15951.089844    9305.021484    4015.251953    6646.068359       0.000000   12190.915039   15528.015625
    8051.327637    8051.327637    8051.327637    8051.327637    8051.327637    8051.327637       0.000000    8051.327637
    4472.998047    4472.998047    4472.998047    4472.998047    4472.998047    4472.998047    4472.998047       0.000000
       0.000000    3478.010742     805.034851    6680.344238   10158.355469    7485.379395   10688.107422   11121.030273
    1860.621826       0.000000    4700.729492    8540.965820    6680.344238   11381.074219   10688.107422   11121.030273
    3336.786133    7355.376465       0.000000   10017.130859   14035.720703    6680.344238   10688.107422   11121.030273
    7249.384766    8298.649414    9048.204102       0.000000    1049.265137    1798.819580   10688.107422   11121.030273
   12282.897461    7249.384766   11194.883789    5033.512695       0.000000    3945.498779   10688.107422   11121.030273
   11413.090820    9658.425781    7249.384766    4163.706055    2409.040771       0.000000   10688.107422   11121.030273
   11355.501953   11355.501953   11355.501953   11355.501953   11355.501953   11355.501953       0.000000   11355.501953
   10132.903320   10132.903320   10132.903320   10132.903320   10132.903320   10132.903320   10132.903320       0.000000
 
 