      0.6980      0.8666      1.0446      0.6351
     -0.1237     -0.1113     -0.2794     -0.7360
      0.0342      0.5856      0.3008     -0.2531
      0.4768     -0.3474     -0.6748     -0.2215
      0.9522      1.4764      1.6500      1.7714
     -1.1372     -0.1113     -0.3079     -0.7827
      0.8256      0.3130      0.6247      1.6780
      0.7935     -0.0242      0.0941     -1.0624
     -0.8205     -1.5979     -1.2193     -0.9228
      1.0164      1.1813      1.2016      0.1049
      1.3644      1.8136      1.2122      0.4009
      1.3965      0.4057      0.9737      0.8056
     -0.1871     -0.4991     -0.3079      0.1516
      0.8264      0.7289      0.6889      0.7122
     -0.0283     -0.4851     -0.4325     -1.2656
      0.4134      1.2685      1.1480      0.0120
      0.1922      0.5715      0.6247     -0.8446
      0.8256      1.5410      1.7070      1.0240
      0.1288      0.3776      0.0835      0.2766
      0.8256      1.2179      1.4506      1.5379
      0.6668     -0.2181      0.0372      0.1522
     -0.5679      0.1837      0.0266      1.1174
      0.1930     -0.1113     -0.1940     -0.1754
      1.0477      0.4563      0.2723      1.1951
      0.3822     -0.3333     -0.3722     -1.4519
      1.0164      0.9874      1.2016      0.9457
      0.7943      0.3917      0.5571      1.0082
      0.2563     -0.2406      0.2332      0.6655
      0.7935      0.6221      1.0910      0.6660
      0.9522     -0.3980      0.5108      0.3700
     -0.0612      0.7008      0.6816      0.9773
      0.2555      1.2825      0.7101      0.6036
      1.2064      0.5350      0.0054      0.2917
      0.3188     -0.4626     -0.7709      1.0240
      0.8897     -0.7577     -0.3934      0.9457
      0.7318      0.1612      0.1657      0.3227
      1.2377      0.7795      1.0698     -1.0472
      0.8264      0.3411      1.0022      0.1049
      1.5231      1.9569      2.2269      1.8333
     -0.2191      1.2319      1.3261     -0.4866
      0.0967      0.2990      0.1796      0.6193
     -0.9471      0.0179     -0.0801     -1.4834
     -1.9606     -0.1760     -0.7067     -1.7170
     -0.1245      0.3130      0.5108     -0.6110
     -0.3467     -0.1535     -0.0483      0.4792
      1.4911      1.7490      1.6679      0.4944
      0.1930      0.9228      0.6320      0.9925
     -0.0933     -0.2827     -0.5324      0.2923
      0.5418     -0.2266     -0.0337     -0.1912
      0.1601     -0.6705     -0.5040     -0.0814
     -1.2638     -0.3699     -0.3649      0.2917
     -0.0925      0.5856      0.8989      1.1017
      0.5730      1.1167      1.4864      1.0392
     -1.3905     -0.9516     -0.8775     -0.8761
      0.3830      0.8582      0.4041     -1.1564
      0.3501      0.9453      1.1480      1.4602
      0.4143      1.2966      1.2407      1.0549
     -0.2512     -1.1089     -0.7139      0.1831
      0.1922      0.4423      0.1690      0.8838
      0.4455     -0.8504     -0.6855      0.4167
     -0.2200      1.2038      0.9201     -0.5018
     -1.0426     -1.0302     -0.8385     -0.2998
     -2.7536     -1.4461     -1.7002     -2.1836
     -2.1835     -1.0583     -1.5008     -1.2025
     -0.4725     -0.5778     -0.2119     -0.4399
     -0.8205     -0.6284     -0.9630     -1.2498
     -1.6126     -1.2241     -1.3226     -0.9071
     -2.2140     -0.8869     -1.3332     -0.9696
      0.7631      1.0521      1.0307     -1.4367
      1.3010      1.2319      1.7248      1.8024
     -0.1245      0.2484     -0.2867     -0.7979
     -0.1245     -0.5919     -0.3437     -0.8446
      0.2563      0.1472      0.2902      0.7589
      0.1288     -0.0748     -0.2582     -0.2373
     -0.3146     -0.7211     -0.9133     -1.3117
     -0.3458      0.5210      0.5856     -0.0662
      0.7935     -0.0242      0.2650      0.2456
     -2.5636     -1.5754     -2.2128     -1.3894
     -0.1879      0.5715      0.7671      1.2109
      0.7301      0.6868      0.3790      1.5069
      0.3501     -0.1535     -0.0198      0.4792
     -0.8838     -1.7272     -1.1624      0.2917
      0.9852      1.0015      0.6783      0.6030
      0.4134     -1.3169     -0.9312      0.4325
     -2.5002     -3.3205     -3.1242     -1.9967
      0.9210     -0.1254      0.0729      0.2141
     -1.4234     -2.2217     -1.7287     -0.4551
     -1.1701      0.5575      0.3790     -0.8755
     -2.2460     -2.3229     -2.1201     -1.2808
      0.7301      0.5575      0.6638      0.8996
      1.3965      0.7289      1.3155      0.8056
     -1.7385     -2.1655     -2.0559     -1.9196
     -0.8534     -0.9937     -1.0736     -0.7354
     -0.8205     -1.1455     -0.8206      0.1983
      0.1601      0.4282      0.2081      0.5726
      0.5401      0.8807      0.6353      0.9930
     -1.3272     -0.4991     -0.7067     -0.2221
      1.1743      0.0685      0.0160      0.3542
     -1.6447     -1.1736     -1.3120     -1.4986
      0.0976     -0.7071     -0.5821     -0.0195
      0.0342     -0.7071     -0.2688      0.5878
     -0.6000      0.7514      0.4359     -1.1091
     -0.0604      0.9874      1.0307      0.2450
     -0.1558     -0.7717     -0.5821      0.4009
      0.8576      1.1673      1.6394      1.3819
      1.3010      0.6502      1.0413      1.7089
     -0.0604     -0.4345     -0.5073      0.3852
     -2.3406     -2.5674     -2.0738     -1.6236
     -1.7081     -0.0102     -0.9133     -1.7789
     -0.6000     -0.6705     -0.6748     -0.0347
      0.7935      1.2685      1.2619     -0.2215
      1.2064      1.0521      1.0877     -0.6893
      0.4447      0.7373      0.7029      0.6351
      0.2555      0.3776     -0.0304     -1.0782
      0.6668      0.4929      0.4644      0.8062
      1.5865      2.0862      2.3978      1.6465
      0.0334      0.2343     -0.3331     -1.3894
      0.0655      0.7008     -0.5715     -0.1439
     -1.2968      1.1392      0.8347     -1.5763
      0.0976     -0.5778      0.1869      0.4009
      1.1431      0.0826      0.6035      0.3852
     -0.8205     -0.7577     -0.9630     -1.2498
     -1.2013     -0.9150     -0.9703     -0.0972
     -2.2773     -2.4381     -2.0738     -2.2309
     -1.1051     -1.3253     -1.2869      0.2760
     -1.3584     -1.5192     -1.7711      0.0424
      0.8264     -0.6930     -0.2225      0.4319
     -0.2200      0.2343      0.3220     -0.2215
      0.6043     -0.1900     -0.0410      0.2608
     -2.3415     -1.3028     -1.2266     -2.0592
      0.2867      0.8807      0.8347      0.6660
     -0.4100     -0.4766     -0.0767      0.7128
      1.0798      0.5996      0.8598      1.0392
      0.5722     -0.0748      0.0835      0.3233
      0.4463      1.2460      1.5718      1.0859
      0.4134      0.2990     -0.2476      1.2266
      0.3509     -1.2888     -0.6391     -0.9071
      0.9210      0.9088      0.9559      0.0739
     -0.4733     -2.2217     -1.9280     -0.1281
     -0.4413     -1.4967     -1.1696      0.2298
     -2.0569      0.2990      0.0941     -2.0434
     -1.3272     -0.6284     -0.8491     -0.4090
     -0.4725     -1.2241     -1.0663     -1.2808
      1.2377      1.7490      2.0097      1.6155
     -0.3762     -1.1174     -0.8418     -1.0011
      0.4134      0.4282      0.0941     -0.0347
     -0.4404      0.9874      0.3756     -1.5301
      0.1609      0.3271      0.4432     -0.4399
     -0.6313     -1.8845     -2.0810     -1.4986
     -0.5358     -1.6766     -0.9524     -0.6735
     -2.5002     -0.9291     -1.2730     -1.3427
     -0.6938     -1.7272     -1.7605     -1.6236
     -0.4733     -1.0583     -0.7888     -0.5953
      0.6668     -1.7047     -1.3014     -0.6420
      0.7301      1.1392      1.3188      1.1332
      0.3188      1.0240      1.0519      0.4634
      1.5231      0.0179      0.5465      1.5530
      1.4598      0.4704      0.2902      1.3195
     -0.0925      0.0039     -0.2404     -0.2064
      0.6980      0.5434      0.7313      0.0745
      0.6355      0.5715     -0.3152      0.6970
      0.3830     -0.0467     -0.3364      0.7589
     -0.3467     -1.8339     -1.4723     -1.0157
     -0.5358     -1.2888     -1.3796     -1.0472
     -2.0569     -1.1230     -1.5008     -2.1836
      0.0655      1.0240      1.1658      0.0897
      1.1431      0.7289      0.8313      0.1049
     -0.6313     -0.5919     -0.5430     -2.8533
     -0.9792     -1.5473     -1.0378     -0.1129
      0.5722      0.7008      0.6532     -1.7789
     -0.4100     -2.3510     -2.4976     -1.2025
      0.4455      0.3130      0.4253      0.5101
     -0.7580      0.1191      0.3399     -1.7789
      0.6034      0.4282      0.8347      1.2266
     -2.0239     -1.4040     -1.3902     -2.1374
      0.8264      0.4704      0.4041      0.0582
      0.3188      0.5715      0.9949      0.7904
      1.4277      0.9088      1.0983      1.8491
      0.1288      0.4423      0.3399      0.1364
      0.5089      1.2825      0.7671      1.0707
      0.9210      1.0380      0.7280     -0.0195
      0.3180     -0.4907      0.1617      0.3081
      0.7622      0.1191      0.4538      0.2766
      1.1110      1.0380      0.9559     -0.0195
      0.5722      1.2825      1.4222     -0.1906
     -2.2773     -1.0808     -1.0484     -0.1287
      0.7301      0.5575      0.6353      0.3858
      1.0798      0.4704      0.3756      1.6932
      0.6355      0.8301      1.1373      0.6970
     -0.5358     -1.0302     -1.3226      0.0739
      0.7622      0.3776      0.7386      0.3233
     -1.0113     -0.9797     -1.2266     -1.9190
      0.0976     -0.7071     -0.5821     -0.4866
      0.3509      0.3917      0.3008     -0.3932
     -1.9614     -0.9150     -0.9987     -0.6110
      0.7301      0.4282      0.6638      1.2733
      1.0156      0.5715      0.9380      1.3510
     -0.7267     -0.0888     -0.3331      0.3858
     -0.1879      0.7008      0.8525      1.1641
      1.5865      1.3752      1.3440      1.5063
      1.1431      1.3752      1.9706      1.5997
     -0.7267     -0.7352      0.0657     -0.5485
     -1.2334     -0.9291     -0.5894     -0.1281
      1.3331     -0.3699     -0.1940     -0.5024
      0.6997      0.4704      0.4611     -0.8761
      1.2064      0.7289      1.2016      0.8523
     -1.6126      0.7149      0.0729     -0.0662
     -3.5762     -0.9656     -1.6359     -1.0939
      1.3965      0.8582      1.4294      1.2727
      0.7318      0.1612      0.2511      0.7431
     -2.0552     -1.0668     -1.1160     -0.9853
      0.7310      0.1978      0.7565      0.6812
      0.1601      1.0099      1.1764      0.3858
      0.7622      1.2825      1.5076     -0.0972
      0.4776      0.8441      0.8704     -0.1596
      0.6989     -0.3333      0.0551      0.3700
      0.5401     -0.9937     -0.7318      0.6660
     -1.6751     -1.1314     -0.9736     -0.4715
      0.1288      1.0886      1.2228     -0.1906
      0.4776     -0.0607      0.3293     -0.3465
      0.2547      0.2203      0.5320      0.6818
     -2.2469     -1.8986     -2.4407     -2.8843
     -0.5358      0.1332     -0.1264     -0.2998
     -0.1879      0.1191     -0.4576     -1.8723
      0.5730      0.7289      0.8313     -0.9696
      0.3813      0.1556      0.4465      1.0555
      0.9202      0.6868      0.6068      0.9930
     -1.0747     -0.2687      0.1405      0.1831
      0.3188      0.8947      0.5962      1.5379
     -2.4352     -1.7131     -1.7711     -1.6393
     -1.9614     -0.2687     -0.9418     -1.7789
      0.2555     -1.4967     -1.3975     -0.6110
     -0.8534     -2.0925     -1.9565      0.5726
     -1.2638     -1.1455     -1.5611     -0.7827
      0.0655     -1.5614     -1.3120     -0.3774
     -1.2326     -1.8705     -1.5220     -1.0939
     -0.8838     -0.8869     -0.7636     -0.3623
      0.7301     -0.7352     -0.8742     -1.3427
      0.1288     -0.1394     -0.1158      0.7437
     -1.8035     -1.4461     -1.3014      0.4325
     -0.2512     -1.3675     -1.0272      0.4167
     -1.9606     -1.2747     -0.9630     -1.2031
     -0.5367      0.6221      0.1796     -1.4361
      1.0164      0.2118      0.0623      0.8056
     -0.5038     -0.3699     -0.7351      0.5253
     -1.1051     -1.0021     -0.5179     -1.4058
     -2.0239     -2.2442     -2.0453     -2.2309
     -1.1363     -0.6649     -0.9557     -1.4215
      0.3501     -1.5108     -0.9027     -0.4551
      0.9843     -1.2241     -0.6961      0.5878
     -1.7081     -0.7858     -1.1412     -1.9657
     -0.4083      0.0966      0.1372     -1.0788
      0.3509     -0.5778     -0.2973     -0.2064
     -1.3601     -0.2181      0.0941     -0.4084
      0.4143      0.5856      0.6710      0.3075
      0.7301      0.2343      0.4359     -0.3150
     -0.0300     -0.4120     -0.3900     -0.3617
     -0.9167     -1.7693     -1.7002     -0.3150
      0.2555     -0.7211     -0.8563     -1.1249
      0.0663     -0.4345     -0.3934     -0.0353
      0.1609     -0.2546      0.2153      0.5878
      0.9218      0.2259      0.3365      0.9300
      0.5409      0.6502      0.6426      1.1017
      0.2555     -1.1736     -0.4861     -0.2840
     -1.4860      0.2624     -0.0125     -1.4677
     -3.5449     -2.2723     -2.3658     -2.9000
     -0.0283     -0.0327      0.0232      0.4161
      0.8568      0.8807      0.9201      0.1522
      0.3813      0.0264      0.3041      0.8220
      1.4277      0.8441      0.9274      1.8958
      0.8264      1.3752      1.4579      0.6655
      1.3965      2.0862      2.0275     -0.1287
     -0.5046     -2.0784     -1.8247     -2.0125
     -0.5046     -0.3333     -0.2867     -0.1439
     -1.2326     -1.2241     -1.4651      0.8214
     -1.4226     -1.6766     -1.5790     -1.1874
      0.0967      0.2343      0.6923      0.5726
      0.2242      0.9088      0.9274      1.1951
     -1.7081     -0.5919     -1.0842     -0.8913
     -1.1380     -0.7211     -1.2836     -0.4709
      1.0477      0.1978      1.0983      0.8681
      0.5401     -0.7998     -0.5894      0.1055
      0.9522      0.5715      1.0804      0.4167
     -0.0300     -0.2827      0.0372      0.7128
     -1.2326     -1.4827     -1.0948     -0.4399
      0.3509      0.1332     -0.2973     -0.0662
     -0.8213     -0.7858     -1.1696     -0.3307
     -0.4725     -0.5778     -0.5252     -0.3465
      0.7943     -1.1595     -1.0378     -0.0195
      0.2555      0.1837      0.5962     -0.2373
      0.1922      0.1191     -0.0019     -0.7512
      0.2563      0.2765      0.3471     -0.4090
      0.6364      1.1813      1.2870      0.9925
      0.6355     -0.0102      0.1690      0.6036
     -0.0604      0.2765      0.3187     -0.1754
      0.0967      0.2343     -0.4755     -0.1281
     -0.9167      0.8160      0.5498      0.1522
      1.3010      1.7490      2.0097      1.1017
      0.0984     -0.4205     -0.3185      1.2570
      0.7631      0.7289      1.1446      1.5530
      1.0789      1.4118      1.6215      1.3510
      0.0976      0.0039      0.2438     -0.1129
     -0.1558      0.3917     -0.2973     -0.2998
      0.1609      0.2624     -0.4967     -0.6268
      0.1930      0.7289      0.3756     -0.0820
      0.9531     -0.6284     -0.2510      1.3195
      1.1110      1.5551      1.7818      1.7089
      0.7943      0.2624     -0.2404     -0.0195
      0.7310      0.3271      0.1299      0.4477
     -0.4100      0.1697      0.4644      0.9930
     -0.3779     -0.1394     -0.3152     -2.0125
     -0.1245     -1.6260     -0.9987     -0.4709
     -0.4100     -0.7998     -0.9881     -0.5018
      1.3965      1.1167      1.5434      0.8990
      0.9210      0.8441     -0.0410      0.5878
     -1.2326     -0.2546     -1.7783      0.7747
     -0.3467     -0.4766     -0.8742     -0.1748
     -0.0300     -0.5413     -0.9881      0.5259
      1.1423      0.3776      0.7956      0.7437
     -0.5992      1.1673      0.0445      0.1674
     -0.3129     -1.2466     -0.7279      1.5215
      0.1913      0.9959      0.9022      0.9621
      0.5089      0.6362      0.7101      1.5379
      0.0021      1.0886      0.9665      0.3700
      0.9210     -0.0607      0.4147      0.4477
      0.6364      0.9874      0.7174      0.9457
      0.7301     -0.8644     -0.3331      0.8996
     -0.0933     -0.4766      0.0087      0.6193
      0.9210      0.8441      1.0698      1.1017
     -0.4100      0.3636     -0.7318     -2.6507
      0.5097      1.1813      1.2301      1.5997
     -0.3467     -0.2181     -0.3900      0.0120
      0.1609      0.5210      0.1869      0.1674
      0.6043      1.6844      1.1837      0.1674
      0.9522      0.7654      0.4823      1.4911
     -0.6938      0.0826     -0.3649     -0.4557
     -1.2638     -1.0808     -1.1054     -0.6426
      0.4768      1.2038      1.8030      0.4792
     -1.2334     -0.7352     -0.6464      0.2923
      0.6997      0.1472     -0.0231     -1.9039
     -3.0070     -2.6742     -2.3837     -2.6040
      0.2242     -0.4485     -0.1834     -0.5801
     -1.0738     -1.5333     -1.1908     -1.2966
     -0.0291      0.0685     -0.0410      0.1674
     -0.4733     -0.0242      0.0941      0.9463
      0.3188      0.1837      0.0266      1.2109
      0.1609      0.3917      0.7850     -0.2998
     -1.9614     -1.3028     -1.4260     -1.4052
      0.0334      0.4282      0.0657     -0.4551
     -0.0291     -0.6424     -0.7245     -0.5801
     -0.2183      1.1954      1.0770     -1.4058
     -0.3458     -0.1254     -0.0410     -1.3275
      0.1601      0.8160      0.4644      0.5726
      0.4768      0.9453      1.1195     -0.4084
      0.1601     -0.1535      0.4929     -0.0347
     -0.1237      0.2118      0.2332      0.8990
      0.5089      0.7654      0.7671      0.5101
     -0.3779     -1.3675     -1.1127     -1.1249
      0.0334      0.5575      0.6068     -0.1281
      0.6668      0.1051      0.6353      1.0398
     -0.2504     -0.1760     -0.0231      0.8056
      1.5231      0.2765      0.5180      1.1793
     -0.9792     -0.9656     -0.5821      0.9615
     -0.4717     -0.8729     -0.8597      0.8833
     -1.8660     -1.9997     -2.0062     -2.0282
      0.0334     -1.3169     -1.1590     -0.0814
     -0.4725      0.1332     -0.0980     -0.3465
     -1.5172     -1.9857     -1.6465     -0.5024
     -1.6768     -1.7693     -1.6147     -1.8565
     -1.2334     -0.1535     -0.3900      0.2923
     -3.3541     -2.1796     -2.3586     -2.1841
      1.1431      1.3752      1.1446      0.9925
      0.9522      0.3130     -0.2013     -1.9190
      0.6989      0.8947      1.1658      1.0240
     -0.2200      0.2990      0.0657     -0.1748
      0.1601     -0.4120     -0.5609      0.6660
      0.6668      0.2990      0.2650      0.3858
     -0.2183     -1.0021     -0.7457      1.1168
     -1.1372     -0.7577     -0.9630     -1.0163
      0.2555      0.7008      0.3684      0.0897
     -3.0695     -2.1936     -2.4049     -2.2151
     -0.7250     -0.6790     -0.8027     -0.0510
      0.4776      1.3612      0.8989     -1.1874
      0.7310      0.7795      0.1869     -0.6735
      0.9522      1.0886      1.6215      0.2298
      1.0156      0.1837     -0.1443     -0.1439
      0.8576     -0.5778     -0.2404      0.5878
      0.0351     -0.3558     -0.1476     -0.0510
     -1.4851     -0.7436     -1.0590     -1.4992
     -0.3787     -0.5553     -0.5788     -1.0466
     -0.4092      0.1332     -0.0980      0.8214
      1.3965      1.6338      1.7997      1.5997
     -0.4100      0.0404     -0.3900     -0.0814
     -0.4083      1.1954      0.9062      0.8833
     -0.4100     -0.4120     -0.7318      0.5726
     -1.0426     -0.5778     -0.8954     -0.6735
     -1.7072     -0.3052     -0.5643     -0.5958
     -2.2452     -1.1960     -1.0021     -1.3123
     -1.9918     -0.6144     -0.8882     -1.4525
      0.1288      1.4118      1.1373      0.0430
      0.0646      0.1556      0.1902     -0.2058
     -0.6313      0.7008      0.2544     -0.3307
      0.8576      1.7490      1.6109      0.5878
      1.0798      1.6984      1.4009      0.5720
      1.4277      1.8136      1.8103      1.2885
     -1.2968     -2.0925     -1.8995     -2.1836
     -0.3771     -1.5333     -0.9915     -0.3623
     -0.6634     -1.5754     -1.1021     -2.2303
     -1.6118     -0.8729     -0.6888      0.8833
      0.5722     -0.3333     -0.4006     -0.6577
     -0.7571     -0.6284     -0.8775     -1.1564
      0.3501      1.0746      1.0340      0.0588
      0.8576      0.6502      0.8419      1.1951
      0.4447      0.6727      0.5320     -0.6262
     -0.2825      0.1978     -0.4397     -1.4209
      0.0967     -0.2827     -0.4185      0.6660
      1.2064      1.2460      0.6604      1.1326
     -0.0612     -0.7858     -0.8563      0.1831
      0.5401      0.6221      0.0372     -0.1748
     -0.1245      0.5069      0.5962      0.9306
     -0.6313     -0.7858     -0.4861      0.2766
     -0.9471     -0.0467     -0.5643     -0.6893
     -1.3272     -1.0162     -1.2478     -1.5301
      0.6043      0.8441      1.1552     -0.2064
      0.6676      1.2966      0.1299     -0.3932
      0.5097      1.3752      0.7174     -0.1287
      0.3509     -0.4485     -0.5252     -0.5801
      0.0021     -1.1089     -1.0842      0.2766
      0.8264      0.2118     -0.0231      0.2917
      0.8576     -1.2888     -0.1264     -0.0662
      0.8576      1.1673      1.5255     -0.9538
     -0.6946     -0.6565     -0.6000     -1.0315
     -1.4843     -0.7155     -1.2227     -0.9234
      1.3331      1.0521      1.3440      0.7122
      1.3331      2.0862      2.2269      1.6932
     -0.0300      1.1392      1.0625      0.8062
     -1.5805     -1.6625     -1.2193     -0.5024
     -2.9740     -1.8564     -2.2162     -2.2776
     -0.9471     -1.4686     -0.9915     -0.9696
     -0.5038     -1.2747     -0.4788      0.4786
     -0.5671     -0.1760     -0.1940      0.3852
     -0.9167     -1.3815     -1.7856     -1.2025
      0.7622     -1.5614     -0.3722     -0.9380
      0.4768     -1.1876     -0.9881      0.3858
     -0.5992     -0.0607     -0.4397     -0.3932
      0.1601      1.2038      0.8916      0.0120
     -0.1566     -0.4120     -0.2761     -1.0624
     -1.3280     -2.5309     -2.2519     -1.8256
      0.6364      0.9228      0.7459     -0.8761
     -1.1372     -0.1760     -0.5358     -0.4557
      0.0663      1.1813      0.6889     -0.1287
     -0.2200     -0.7998     -1.0166     -0.4084
      0.3501      0.4282     -0.2476     -0.5018
      0.0967     -1.3169     -1.3299     -0.6420
     -0.5046      0.5069     -0.2867      0.1364
      0.3501      1.1392      1.0055      0.6660
     -0.6304      0.2765     -0.0801     -1.2031
      0.5080      0.9312      0.9877      1.1490
      0.7622      1.3471      1.4222      1.2576
      0.0655      0.8947      0.4823      1.0240
      0.8256      0.7008      0.6247      0.7437
      0.4143      0.6502      0.1299     -0.2998
      0.3509     -0.3193     -0.4112      0.2141
     -1.5814     -0.5272     -0.7709      0.0897
     -1.6760     -0.3193     -0.8100     -1.9348
      0.6043      0.6502     -0.0410     -0.8136
      0.6355      1.3471      1.3937      0.5568
      0.2555      0.3130      0.1405     -0.4242
      0.6043      1.0380      1.1267      1.8024
     -1.7385     -0.7436     -0.6033      0.0424
      1.3331      0.1472      0.8028      0.7122
      0.4455     -0.1394      0.3114      1.0707
      0.9210      0.6502      0.8704      0.7747
      1.2698      0.9874      1.2870      0.9457
      0.6355      1.2825      1.3367      1.1174
      0.1601     -0.6705     -0.4470     -0.8755
     -0.1879      0.9593     -0.1158     -0.0037
      0.4768      0.8160      1.0340      1.5069
     -1.7072     -0.3052     -0.2225     -0.3623
      0.0021      0.4423      0.6816      1.1641
      1.1743      1.1027      0.5002      1.7557
      1.1431      0.8582      1.3725      1.5997
     -0.3779      0.0545      0.2544     -0.2840
     -1.5805     -0.8869     -1.4472     -0.9228
      0.1913      0.3495      0.2187      0.5417
     -0.8213     -0.5272     -0.4861      0.9306
      0.9835      0.1051      0.6068      0.9930
      0.2234      0.1697      0.1796     -0.0814
     -0.4404     -0.6930     -1.0484      0.6655
     -2.5002     -1.1876     -1.1305     -1.2960
      0.2234      0.1697      0.4359      1.1332
      1.5231      1.8277      1.6858      0.3852
      0.9522      0.8947      1.0804      1.3977
      0.8897      1.1167      1.3725     -0.6893
      1.1110      1.0380      1.2407      0.0739
      0.0021      0.3776      0.6247      0.7904
      0.9843      0.4563      0.5856      0.9148
     -1.6768     -2.5449     -2.3837     -0.7821
      1.2689      0.4423      0.7101      1.6780
     -0.5679     -0.0748     -0.6855      0.6036
     -3.1336     -1.4461     -1.9850     -1.3427
      0.4776     -0.7717     -0.8954      0.4009
     -1.8018     -1.1314     -1.0306     -0.3313
     -1.7064     -1.3113     -1.3829     -2.0288
      1.3331      1.9569      1.9706      1.5063
     -0.4413     -0.3333     -0.1728      0.1831
      0.6997      1.0521      0.7174      0.6187
      1.1431     -0.4991     -0.1370      0.8523
      0.6355      0.8947      0.7671      0.9773
      0.1288      0.3776      0.6532     -0.2373
      0.1930     -1.2747     -1.0484     -0.3623
     -0.2825      0.5856      0.7565     -1.7947
      1.0164      0.5996      0.5465     -0.0353
      0.1601      0.5575      0.6638      0.9463
      0.5097     -0.1760     -0.7351      0.1049
      1.1423      1.5410      1.8209      1.1174
      0.4447      0.8020      0.6174      0.1212
      0.7622      0.8947      0.9095      1.3043
      0.5401      0.8160      0.8347     -1.2025
      1.5231      1.3106      1.5149      0.1983
      0.4776      1.7490      1.6679     -0.0195
      1.4598      0.9228      1.1731      0.5720
      0.0976     -0.6424     -0.3828      1.1017
      1.2698      0.0826      0.0054      2.1136
      0.1930     -0.4345     -0.3934      0.6187
      0.0342      0.1332     -0.1549     -0.7669
      1.2064      1.1167      0.9452      0.8990
     -1.0738     -1.7272     -1.3048     -1.1564
      0.9522     -0.3333      0.3399      1.0707
     -2.6269     -1.1876     -1.8711     -1.8098
     -0.1245     -0.9797     -0.5430     -1.2183
     -2.7840     -2.1150     -2.1592     -2.1841
      0.7310      0.6502      0.3293     -0.3465
      0.7935      0.4929      1.1195      0.7128
     -1.1059     -0.7071     -0.7530     -1.4209
     -1.0105     -1.0808     -0.9060     -0.4557
     -1.9935     -1.4461     -1.5293     -1.9500
     -0.6625     -0.9656     -1.0663     -0.4866
      0.9843     -0.1254     -0.6961      1.8491
      0.0342      0.2624      0.3008      0.3075
     -0.4725     -1.0949     -0.9239     -1.3742
      0.8256      1.2825      1.2798      1.4444
      1.3644      1.8136      1.6394      0.5411
      1.1743      1.2966      1.5255      1.0082
      0.5722     -0.6565     -0.3437      0.6036
     -0.6313      0.0545     -0.7139     -0.4709
      0.8576      0.6502      0.6710      0.2608
      0.9210      0.3917      0.6141      0.5411
      1.3644      1.8136      2.0381      2.0827
     -0.0933     -0.2181     -0.5609      0.1055
      0.2555      1.1532      1.0519      0.8838
     -0.1237      0.9228      0.3187     -0.7360
      1.2689      1.0886      1.1089      1.3043
     -0.9159      0.6502      0.2438     -2.0282
     -1.3280     -2.1431     -1.5114     -0.7044
      0.5409     -0.8363     -0.8100     -0.1129
      1.1118      0.4198      0.1657     -0.3780
      0.4768      0.4282      0.6068      0.3390
      0.6355      1.4118      1.3367     -0.4709
      0.4455      1.4764      1.7355      0.3700
      0.4134      0.2343      0.6353      0.3858
      0.6355      1.0886      1.7639      0.3700
     -0.1871     -0.6284     -0.7067     -0.8761
      0.2234     -1.9632     -1.1590      0.1055
     -0.0291      0.5210      0.2438      0.9148
     -0.5671      0.5996      0.6035     -0.9696
      1.1423      1.0240      1.1658      0.1364
     -0.0612      0.1837      0.3399      0.5568
      1.1431      1.8923      1.9421      1.3195
      0.8889     -0.9150     -0.4576     -0.3307
      1.0477      0.1332      0.6710      0.2608
     -0.2191     -0.9010     -0.9809      0.4009
     -2.0552     -1.2607     -1.9420     -1.2189
      0.1922      0.3130     -0.1158     -0.4709
      0.5409      1.1027      0.5002      0.3075
      1.1431      0.2765      0.6320     -0.0353
     -0.4733     -0.4120      0.2650      0.0588
      0.5089     -0.1394      0.0266     -1.3585
     -0.3779      0.4423      0.0551     -0.3307
     -1.3280      0.1837     -0.5715     -0.0972
     -1.0738     -1.0808     -0.7636     -0.4557
      1.0156     -0.1394      0.6816      0.5568
      0.6676      0.0685     -0.3258     -0.2998
     -1.2647     -0.8504     -1.1696      0.6036
     -0.0604      0.2765      0.4326     -0.9696
      0.8256      1.0886      1.2228      1.1174
      0.8568      1.2685      1.3188      1.2266
      1.0798      2.0862      2.2269      0.9925
     -0.1254      0.0910      0.2187     -0.3459
     -0.0308      0.2062      0.6565     -1.5447
      0.2867     -1.1230     -0.4755     -1.8098
      0.4768      1.0099      0.7777     -0.8288
      1.0164      1.2460      0.4611      0.0582
      0.4134     -0.4766     -0.1907     -1.1558
     -1.7393     -1.2241     -0.7530      0.4477
     -1.0434      0.2990     -0.6464     -1.0624
      0.0967      0.4282     -0.0767     -0.2215
      1.2689      0.1191      0.4538      1.2576
      0.3518     -0.2266     -0.1476     -0.7050
      0.1913      0.9312      0.7598     -0.7196
      1.3965      1.4399      1.6003      0.6187
     -1.2326     -1.6119     -1.8353     -1.4209
      0.2867     -1.1876     -0.9027      0.3858
      1.2698      0.8582      0.9737     -0.5024
      1.0789      1.4764      1.3367      0.3233
      1.8398      1.0521      1.0592      0.8990
     -0.0291     -0.1900     -0.8100      0.1674
     -0.1254      0.4788     -0.0377     -1.7941
      0.5097     -0.3699     -0.2225     -1.1097
      0.7935      0.8160      0.9201      0.2923
      0.6980      0.9959      1.1016     -0.1123
      1.0789      0.8947      1.3082     -0.0037
      0.5080      0.9312      0.6744     -2.0276
     -0.1887      0.2849      0.0763     -1.1868
      0.1601      0.6868      0.5783      0.0588
     -0.6946     -0.7858     -0.9133     -0.9847
     -0.2833      0.4282      0.3505      0.0588
      0.8256     -0.1394     -0.4576      0.2766
      0.9843     -0.7071     -0.1834      1.2418
      0.5730      1.1813      1.0307     -0.5491
     -0.4100     -0.5413     -0.1622      0.8996
      0.6355      0.4423      0.6532      0.2766
      1.2698      0.4057      0.8313      1.0859
     -1.8027     -1.5473     -1.7499      1.5221
      0.8568      0.5575      0.6923      1.2266
     -0.6634     -0.0242     -0.3616     -0.0814
     -1.2013      1.0240      0.4253     -0.4709
      0.6034      0.9453      0.9201      1.2266
      1.0156      0.8301      1.0519      1.1174
      0.5080     -0.3614      0.3041     -0.0656
      0.9210     -0.7071     -0.4397     -0.4866
      0.4447      0.2849      0.5035     -0.9532
      0.9218      1.5185      0.5359      0.0424
      0.0655      0.9593      0.9665      1.3043
     -0.7884     -0.8082     -1.0306     -0.4247
      0.3501     -1.4461     -0.9027      0.9463
      0.3509     -1.3534     -0.9524      0.7747
     -1.7072     -0.4991     -0.5358     -1.6703
     -1.7081     -1.3675     -1.7962     -0.7044
     -0.6946     -0.3333     -0.8279     -0.7979
      0.6364     -0.0467     -0.5073      0.9925
      0.2884      1.2600      0.4505     -1.5459
      0.9210      0.1978      0.4432      0.8214
     -0.2512     -0.9150     -0.6285      0.6503
      0.2547     -0.4907     -0.6927      0.2614
      0.2876      1.6197      1.6109      1.3352
      0.5080      0.6727      0.9877      1.0555
      0.4455      0.8301      0.7956      0.6036
      0.4776      0.6502      0.7565      0.1674
      1.0477      0.6502      0.4432      0.9148
      0.3188      1.2825      1.2228     -0.9847
      0.0342      0.5210      0.3008      0.2608
     -1.1701     -2.5449     -1.7571     -0.0347
     -0.0300     -0.8644     -1.0736     -0.1748
      0.2867     -0.7352     -1.2730     -0.9690
      1.1431      1.9569      1.5434     -0.0353
     -0.4100     -1.1230     -1.1590     -0.9223
      0.7631      1.3106      1.4009      1.1793
      1.3644      0.9734      1.5824      2.1294
      0.4784      0.9368      0.8777      1.2103
     -1.9614     -0.6565     -1.1412     -1.4519
      1.5544      1.0380      0.8989      0.5411
     -0.2504     -1.4040     -0.9630      0.4786
     -0.4717     -0.5497     -0.6603     -0.5182
      0.6034      0.0404      0.5783      0.2923
      0.4455     -0.5919     -0.9133      0.6970
      0.5409     -0.2546     -0.4682     -0.4866
      0.7301      0.1697      0.3505      0.9930
      1.3965      0.5350      0.9452      1.0392
     -1.1380     -1.3675     -1.3405     -0.9847
     -0.3154     -0.3614     -0.8351     -0.6262
     -0.3146     -0.2687     -0.8563     -1.3117
     -1.5814     -0.7858     -1.1127     -1.6855
     -0.8205      0.0179     -0.1940      0.0115
     -1.7064     -1.0527     -0.6424     -1.6084
     -0.3146     -0.1394     -0.3722     -0.6577
      0.6043     -0.3839     -0.1549      0.7747
      1.2064      0.8582      1.1161      0.5720
      0.6355      0.3776      0.3968      1.1174
     -1.0434     -1.0583     -1.7287      0.9463
     -0.4092     -0.1900     -1.0663     -1.1406
      0.0030      0.2118      0.0054      0.7589
      0.0655     -1.6260     -1.7108     -1.9190
     -0.2191     -0.6424     -0.5252     -1.6078
     -0.6946     -0.6565     -0.3437      0.0897
      0.0663      0.1472      0.3756      0.9925
      0.8568      0.6868      0.8916      0.4325
     -0.1245      1.2825      0.3968      0.8371
      0.1922      1.3471      0.9665      0.3700
     -2.4986     -1.7131     -1.4578     -1.5459
     -0.0933      0.7514      0.5498      0.5726
     -0.4725     -1.2241     -0.9239     -0.1596
     -3.1649     -2.2723     -2.2234     -3.5540
      0.6355      1.0240      1.5646     -0.1439
      1.4911      1.6844      2.2660     -0.3465
      0.6668      1.2685      1.4897     -0.4551
      0.8256     -0.9150      0.4538      0.7437
      0.2234      0.6868      0.0657      0.4325
     -0.2512      0.6362      1.0234      1.2109
     -1.1067      0.6868      0.0941     -0.8755
      0.0663      0.1472     -0.1655     -0.0820
     -0.8534      0.2990     -0.1052      0.3858
     -1.6447      0.2484     -0.2298      0.3700
     -0.1558     -1.1595     -0.8385      0.1674
      1.0789      0.1191      0.4823      1.3977
      1.3644      1.1027      1.2976      0.6345
      0.3501      1.0099      0.8062     -1.6230
     -0.3146      0.0545     -0.4291      1.2576
      0.7622      1.5410      1.6215     -0.0972
     -2.9428     -0.4485     -0.2688     -1.8414
     -2.1506     -1.1455     -1.4757     -1.4834
     -2.9107     -1.5979     -1.7035     -2.3710
     -2.5307     -2.3089     -2.3016     -2.9316
     -0.8846     -0.2041     -0.7424     -1.1716
      0.3822     -0.9797     -0.9703      1.2576
      0.5080      0.9959      1.2725      0.7285
      1.0789      0.3130      1.2513      1.5846
      1.1118      0.0966      0.4220      0.2293
      0.4768      0.6221      0.6068     -1.1558
      1.0477     -0.3839      0.5002     -0.5334
      0.9522      0.8301      1.1089     -0.2373
     -0.0604     -0.6284     -0.5073      0.8990
      0.3501      1.1392      0.8347      0.1055
      0.5722      0.4423      0.6247      0.9773
      0.7935     -0.0242      0.1226      1.0398
      0.0967     -0.3474     -0.6748     -0.5485
      0.0342     -0.3193      0.1014      1.4287
      0.7310      1.1027      0.6995      1.7557
      1.2064     -0.4991     -0.9060     -1.2498
      1.6498      2.0216      1.9136      1.9735
      0.0351     -0.4205     -0.4040     -0.9386
      0.5401      1.2038      1.3758      1.0865
      0.5080      0.7373      0.5320     -1.5605
     -0.9167     -0.6705     -0.8173     -1.4828
      1.0156     -0.7211     -0.4006      0.9306
      1.0164     -0.8223     -0.2794      0.1516
      1.0156      1.4764      1.8209      0.7904
      0.0976     -0.0607     -0.2688     -0.0195
      1.0477      1.4905      0.9559      1.0549
      1.4598      1.5691      1.5434      1.6465
      0.0030     -0.1760      0.2617     -0.1287
      0.3830      0.5996      0.3756      0.4786
      0.0334      0.3636      0.4929      0.3858
      0.6364      1.1813      0.7459      1.1326
      0.3501      0.5575      0.8631      0.2456
      0.6676      1.0380      0.3862      0.4477
     -0.6000      0.0404     -0.4470     -0.8755
      1.2056      0.9593      1.2228      1.3510
      1.4919      1.5832      1.3049      1.4906
      1.3331      1.2460      1.1161      1.0392
     -0.3137     -0.2406     -0.1655      0.8990
      0.0663      0.7935      0.6889      0.1516
      1.0172      1.0155      0.6962     -0.8609
      0.5401      0.4929      0.6638      1.2266
      1.0164     -0.4991     -0.1940      0.1983
      0.0021      0.8947      0.9949      0.3700
     -0.5046     -0.7858     -0.6285     -1.4986
      1.1110      1.5551      1.2407      0.9148
      0.7301      1.2038      1.4612      0.7128
      1.0798      2.0216      1.7997      1.1326
      0.4768      0.7514      0.4074     -1.1558
      1.2064      1.9569      2.1415      0.8056
      1.2377      1.1027      1.3261      2.0359
      0.7622      0.8947      1.3082      0.4634
      0.5722      0.7654      1.1943      1.1174
      0.8568      0.3636      0.8347      1.1332
      1.1743      1.4905      1.2691      0.6345
     -0.1887      0.4142      0.0763     -0.6262
      0.5097     -0.3052     -0.3079      0.2917
      0.7943      0.1332      0.4717     -0.2531
      1.2689      1.5410      1.2513      0.9306
      1.5865      1.6984      1.7142      0.3852
      1.2689      1.5410      1.8209      1.6780
      1.5544     -1.0302     -0.4397      0.8681
      0.6043      1.2319      1.4116      0.6812
      0.9522      1.0240      1.5930      0.7904
      1.2689      0.9593      0.9095      0.1364
      0.2876      1.1027      1.4400      1.1017
      1.5865      2.0862      2.0845      1.8333
      0.5089      0.3776      0.3968     -0.3774
     -2.2781     -1.7553     -1.6823     -1.1716
      0.3813     -0.8785     -1.0060      0.3081
      0.4768      0.1697      0.5214      0.4792
      1.1110     -0.4485     -0.2973     -1.3742
     -2.6269     -0.2827     -0.7033     -2.5573
      0.1288      0.4423      0.0835     -0.4242
      0.8568      1.1392      1.0055     -0.6420
      0.9531      2.0216      1.7997      0.0115
     -0.2200     -0.6059     -0.3616     -1.9033
      0.5722     -0.0102      0.0551      0.5101
      1.2689      0.5069      0.9665     -0.1439
     -0.2200     -1.2522     -1.5008      0.6660
     -0.2842      0.5294      0.5711     -0.5637
      0.1296     -0.2406      0.1193      0.1516
      0.5418      0.5490     -0.3470     -0.8919
     -0.9471     -0.0467     -0.4503      0.2917
      0.1296      0.7289      0.4326     -0.4090
      0.8264      1.3752      1.0307     -0.8294
     -1.2951     -0.6790     -0.5464     -1.7328
     -0.2183     -0.3558     -0.5464     -0.9853
     -3.3549     -0.9797     -1.5969     -2.5263
     -0.5992     -1.8705     -1.2372     -0.4399
     -0.2504     -0.4345     -0.7636     -0.0353
      0.7301     -0.0242     -0.0767      1.0398
     -0.1237     -0.6284     -0.8491     -0.5024
      1.3331      0.8582      0.6604     -0.2221
      1.3965      1.3752      1.4294      0.6187
     -0.0300      0.9453      0.9771      0.3858
      0.6043      0.9734      1.2407      0.7747
      1.2377      1.2319      1.4400      0.2608
     -1.9302     -1.2522     -1.0451      1.1332
      0.6676      0.5210      0.7565      1.1017
      1.4598      0.6643      0.8313      1.3195
      0.3822      0.5715     -0.1443     -1.9190
     -0.2825     -0.5778     -0.4682      0.6345
     -1.7706     -1.7918     -1.7605     -1.3433
      0.6355      0.7654      0.6247      0.6970
      0.2555     -0.9797     -0.7139      0.4634
     -1.7714     -2.1431     -2.4798     -2.2927
      0.1930      1.1167      0.7174      0.0582
      0.2555      0.3776      0.3114      1.7714
     -0.1245      0.1837      0.1405      0.1831
     -3.1641     -2.2442     -1.9883     -1.2498
      0.2547     -0.0383     -0.8636     -1.0466
     -2.4040     -1.5979     -2.0168     -2.0440
      0.6997     -0.8223     -0.1086     -0.1754
      0.2242      0.2624     -0.0410      1.9892
     -1.3272     -0.4991     -0.3364     -0.0353
     -2.0873     -1.9211     -1.6465     -1.9973
     -1.7072     -2.0503     -1.6750     -1.8571
     -0.4725     -1.4827     -1.1518     -0.6268
     -0.7900     -1.8986     -1.7002     -0.4084
      0.8264     -0.5638     -0.6212     -0.7827
      0.3501     -1.3169     -0.8457     -1.0157
      0.5401      0.1697      0.4929      0.4325
      0.6355      1.4118      1.0804      0.9773
      1.2377      1.2319      1.4400      0.8681
      0.7951      0.2259      0.1372     -0.2846
      0.9522      0.5715      0.8525      1.1174
     -0.0291     -0.1254     -0.2688     -1.3742
     -0.0916      0.1612     -0.0907     -0.3313
     -0.4413      1.2179      0.1975     -0.8913
      0.5409     -0.5778     -0.8385      0.0739
      0.9202      0.3636      0.5214      1.2266
      0.6355     -0.2687     -0.1158      1.0707
     -1.3914     -0.2041     -0.2298      0.5101
      0.6989      0.5069     -0.0304     -0.0037
      0.4463     -0.1113     -0.1940      0.1983
      1.3010      0.1332      0.5286      0.2608
      1.3010      1.6197      2.0951     -0.5801
     -0.1887     -0.7492     -0.5218     -1.8408
      1.1110      1.0380      1.2407      1.1017
      0.6364      1.2460      1.0307     -0.7827
      0.4768      0.4929      0.8916     -0.1281
     -0.5992      0.0039     -0.1549     -0.3465
      0.2867      1.0099      0.6068      1.2266
     -2.0881     -2.2723     -2.6791     -1.6387
      0.1913     -0.6846     -0.3509     -0.4393
     -0.2512     -0.3980     -0.7994     -0.3307
      0.4455     -0.3980     -0.1158      1.3977
      0.5722     -1.4967     -1.1412      0.6036
      0.2876     -0.9010     -0.4682      1.1017
      0.1930      0.3411      0.2902      1.2727
     -2.7207     -1.4686     -1.9029     -1.2498
      0.4768      0.1697      0.2935      1.3200
      1.2056      1.1532      1.4791      1.6313
      0.7301      0.8807      1.0055      0.5726
     -0.8205     -0.1113     -0.5358     -0.2221
     -0.0933     -0.1535     -0.2761      0.8529
      0.5730      0.2118     -0.2225      0.9457
      0.4134      0.8160      1.2619      0.4325
      0.9202     -0.4766     -0.1337      0.2923
      0.4455     -0.2687     -0.3722     -0.4709
     -0.3146     -0.5272     -0.1158     -0.3774
      0.8576      1.5551      1.3261     -0.5801
      0.2563      0.4704      0.3756      0.5720
      1.3010      1.5551      1.5540      0.2141
      0.9210      1.2319      0.5286     -0.8604
     -1.3905     -0.8223     -1.1908     -2.5111
     -0.1558     -2.1290     -1.4081      0.7279
      1.5231      0.5996      1.2016      1.3195
     -1.4547     -2.4662     -2.3089     -0.6577
     -0.4413     -0.7211     -0.7994     -0.0504
      0.0967     -0.1535     -0.3331     -0.3150
      1.3010     -0.0607      0.5571     -0.1596
     -1.4860      0.5856     -0.1264     -0.8136
     -2.6269     -0.7352     -1.1590     -0.5485
      1.5865      0.9228      1.3440      1.5063
      0.5730      0.0179      0.4895      1.5530
     -1.0755     -0.8785     -1.0345      0.2614
      0.0984     -0.4205     -0.4894     -0.0977
     -0.6946      0.0545     -0.5430      0.3233
     -0.4100      0.8160      1.0055      0.0588
     -1.0747     -1.5614     -1.4829     -1.4519
      0.3501     -1.5754     -0.9597     -1.2493
      1.0798      1.2460      1.4009      0.7122
      0.6364     -0.5638     -0.5073      0.1983
      0.9531      1.1813      0.8028      0.0115
     -1.6768     -0.2827     -0.1907      0.2923
      0.2234      0.6221      0.5783      0.6660
     -0.4733     -1.7047     -1.3014     -1.4828
     -0.6625      0.2624     -0.0695      1.0082
      0.6668      0.2990      0.0087      1.1332
      0.6364      1.4399      1.2585      0.9925
     -0.6946     -0.2687     -0.8563      1.1174
     -0.2833     -1.8986     -1.5862      0.3858
     -0.7267     -0.5413     -0.9027     -0.4551
      0.1913      0.8666      1.0446      0.5884
      0.0021      1.4118      1.1089      0.3233
      0.1601      0.1051     -0.2476     -0.0347
     -2.1506     -0.6284     -0.5927     -0.0820
     -0.3146      1.2825      0.7386      0.6503
     -1.1059      0.6502     -0.0125     -0.0662
     -0.1254     -0.3614     -0.6642     -0.6262
      0.8256      0.7654      0.6247      1.2576
      0.0334     -0.8644     -0.9881     -1.0624
      0.0976     -0.6424     -0.8954     -1.2808
      0.0663      0.5350      0.0908      0.2450
     -1.1693     -0.1900     -1.0378     -0.5801
     -0.8534     -0.4120     -0.4755     -0.3617
      1.4598      1.5691      1.6003      2.0202
      0.1280     -0.0383      0.7029      0.6818
      0.4768      0.0404     -0.4470      0.4792
      0.0967     -0.3474      0.0657     -1.3894
      0.4134      0.1697     -0.3046     -0.2215
     -0.7571     -0.6284     -0.9915     -1.3900
      0.6989      1.4118      1.2513      1.5379
     -0.0933     -2.1571     -1.3869      0.5726
      0.4768     -0.2827     -0.3046      0.5726
     -1.9293     -1.6119     -1.7214     -1.3742
      0.8256      0.2484      0.6816     -1.3117
     -0.2825      0.0685      0.0160     -1.6545
      1.2689      0.8301      0.9665      0.2298
      0.3830      1.6338      1.0022     -0.2688
     -0.1566      0.6221     -0.0198      0.3858
      0.6043      1.5551      0.7280      1.1951
      0.1296      0.0826      0.7744      1.9268
      0.0967     -1.3169     -1.8426      0.5259
     -0.8525     -1.4180     -1.2087     -1.0472
     -0.8517     -1.2607     -1.3439     -0.3780
      0.4463     -0.4345     -0.7921      0.8523
     -0.8517     -1.1314     -1.2014     -0.8919
     -2.0569     -0.9937     -1.3584     -1.2960
     -1.6447     -2.1431     -1.9671     -0.3307
      0.0976      0.0039      0.1299      0.8214
     -0.0925      0.1978      0.1299      0.2141
      1.5544      1.8136      2.0381      0.8681
      1.3965      1.3752      1.6288      1.8800
      0.6997      0.0179      0.3187      0.1983
     -0.2504      0.6643      0.5465      1.0859
     -1.4530     -1.0527     -0.7564      0.0266
     -2.6573     -1.5333     -1.7605     -2.4644
     -0.3146      0.9593      0.1690     -1.1716
      0.9843      1.1027      1.2122      0.2608
      0.2563      0.7289      0.4041     -0.3623
      1.0156      0.3776      0.6532      0.7437
      0.0655      0.7008      0.6816      0.5101
      0.2234      0.5575      0.7777      0.8996
      0.6997      0.2765     -0.3934      0.2917
      1.8398      1.0521      1.2301      0.9457
     -0.2512      0.8947      0.8241     -0.1439
      0.6668      0.0404      0.2935      0.2923
      1.1110      0.9734      0.9843      1.6622
      1.4285      1.7124      1.6752      1.0234
      1.9986      0.8722      1.1625      0.9767
      0.8256     -1.2382     -1.0842      0.8838
      0.6043      1.2319      1.3831      0.2141
      0.4463     -0.0467     -0.0516      0.4786
     -1.7385     -0.4205     -0.6603     -0.8452
      0.7943      1.2966      1.1837      0.4009
     -1.2959     -1.0302     -1.1802     -0.6268
      1.2064      1.4399      1.3440      0.1983
      0.0030     -1.4040     -0.4503      0.4786
     -0.0300     -0.9291     -0.7033      1.1799
      0.1601     -1.4461     -1.5008      0.5726
     -0.2200      0.2990      0.0657      0.3858
      0.7631      0.7935      0.9452      1.1326
     -0.2200      0.6868      0.8631      0.5726
      0.9843     -0.1900      0.5002      0.0739
     -2.1827     -1.0949     -1.2942     -1.2808
      0.5401      0.8807      1.2049      1.2733
     -0.5038     -0.4345     -0.0516     -0.5024
      0.3501     -0.0888     -0.0198      0.3858
      1.1743      0.5210      0.4432      0.4009
      0.6364     -0.1113     -0.5643     -1.3900
     -2.0873     -2.0503     -2.1022     -1.8104
     -0.6634      0.4282     -0.4470     -0.5485
      0.2555      0.5069      0.4538      0.4167
     -0.7571     -1.2101     -1.2193     -0.8294
     -1.6439     -1.4686     -1.6181     -0.6893
      0.7943      1.0380      0.9843      1.7089
     -0.1887     -0.2968      0.0193     -0.2992
      0.7310     -0.1254      0.1014     -0.3465
      1.5544      1.6844      1.4685      1.5221
      1.0789      1.1532      1.5361      0.0430
      1.1110      1.5551      1.7248      0.8214
      1.0164      1.4399      1.6573      1.0392
      0.6034      1.2685      1.6037      0.8062
      0.6676      0.9088      0.6710      0.0739
     -0.5046      0.3130     -0.2298      0.3700
      0.9835      1.2685      1.7461      0.4792
      0.2563      0.2765      0.3187      0.0582
     -0.2200     -0.0888      0.0372      1.1332
      0.6034      1.2038      1.8030      0.8062
      0.8264      0.2118      0.6035      0.0115
      0.0334     -1.1230     -1.2730      0.1055
     -0.5992     -1.0949     -1.1518      0.4477
      0.0021      0.9593      0.3968     -0.8913
     -1.0409     -1.3619     -1.3081     -0.8767
      0.1601     -0.6059     -0.8173     -1.3894
      0.5409      0.7795      0.7565     -0.4866
      0.4143      0.7795      0.8989      0.0739
     -0.6946     -0.1394     -0.0019      0.9773
     -0.5367      0.0404     -0.1337     -0.7821
     -1.1372     -0.1760     -0.4788     -1.1097
     -0.1871     -0.6930     -0.8775      0.1049
     -0.7267      0.2343     -0.7033     -0.2682
     -1.0105     -1.8564     -1.4187     -1.0163
     -1.3905     -0.9516     -1.1624     -0.7360
     -0.4100     -0.0888     -0.2191     -0.4551
      0.4455      0.1191      0.2544      1.1641
      0.6043     -0.3839     -0.3543      0.6812
      0.1288      0.0545      0.1405     -0.0504
     -2.1835     -2.0925     -2.3268     -0.8755
      1.5231      1.5045      1.8851      2.2070
     -0.6000     -1.2522     -1.1590     -0.2215
      0.1601      0.0404      0.3790      1.1332
      0.6989      0.0545      0.2544      0.5101
     -0.1550     -0.3558     -0.4894      1.7241
      1.3331      1.1167      1.2016      1.5997
      0.1922      0.5715      0.1975     -0.0504
     -1.8035     -1.7693     -1.6147     -1.9033
      0.8897      0.7289      0.6604      1.5530
      1.2698     -0.1113      0.2047      0.4786
      0.1601     -0.9291     -0.9881     -0.6887
     -0.8517     -1.5192     -0.9736     -0.2846
     -0.9151     -1.4546     -1.2584     -1.1255
     -0.4404     -0.5638     -0.1940      1.9268
     -0.2833     -1.8339     -1.5293      0.3858
     -1.7081     -1.9492     -1.6823     -0.3774
     -2.0239     -0.6284     -1.0769     -1.3433
      0.5409      0.6502      0.3577      1.2885
     -0.8517     -1.1960     -1.4293     -0.7518
      0.0655      0.7654     -0.1728      0.7904
      1.2064      1.4399      1.3155      0.9925
     -1.1067     -1.8339     -1.3584      0.3390
     -0.4100     -1.3169     -0.9597      0.5726
     -0.0604     -0.0467      0.1193      1.4596
     -1.8347     -1.1089     -1.7108     -1.0315
     -0.5992      0.3271     -0.1264      1.4287
     -2.1827     -1.4827     -1.4935     -0.2064
     -0.2833     -1.0583     -1.2730      0.3858
     -1.7706     -0.7577     -1.3332     -0.4557
      0.1930     -0.1113     -0.4788     -0.3156
      0.2555     -0.9797     -0.9133      0.4167
     -0.6617      0.0966     -0.1476      0.2760
     -0.6617     -0.6790     -0.5179     -0.8919
      0.3830      0.1472     -0.0231      0.2917
      0.8256      0.7008      1.1373      1.4911
      0.2555      1.0240      1.2798      0.4167
      1.0789      1.3471      1.3367      0.6036
     -1.8339     -1.0808     -1.0769     -0.8294
     -1.5493     -2.1936     -1.6929     -1.0939
     -0.8213     -1.5614     -1.8532      0.5568
     -0.8221      0.4142      0.1332     -0.1591
      0.2876     -0.7717     -0.9809     -0.0662
      0.2242      0.5210      0.7280     -0.1596
     -0.3467     -0.2827      0.0087      0.9463
      0.6364      0.0179     -0.2510      1.3195
      0.6989      0.1837      0.0266      1.1174
     -0.1879     -0.5272     -0.6000      0.4167
      0.4463      0.6643      1.0592      0.1983
     -1.8347     -2.0138     -1.6253     -2.2460
      0.5089     -0.4626     -0.1728      1.2576
     -0.5350     -0.6144     -0.3755      0.4161
      0.4776      1.1027      0.8989      0.7747
     -0.4725     -1.1595     -0.6676      0.0739
     -0.9792     -1.0949     -1.2657     -0.5334
     -0.9151     -0.6144     -0.5464     -0.0977
      0.9522      0.5069      0.7386      1.3043
     -0.2521      0.2849      0.5605      0.4950
      0.9202      0.6868      0.1511      1.2266
     -1.0747      0.1191     -0.4291     -0.7979
      0.7301     -1.1230     -1.0166      0.9463
     -0.7580      0.9593      0.3114      0.0430
     -0.3146      0.7008     -0.0873      0.7904
      0.6676      1.1027      0.6141      0.3542
      0.2555      0.3776      0.1690      0.7904
      0.3197      0.9874      0.6889      0.1049
     -0.4100      0.8160      0.1796      1.2266
      1.1110      0.6502      0.5286      1.0082
     -0.5679      0.5715      0.4253      0.1364
      0.8568      1.0099      0.9771      1.1332
      0.6355      0.4423      0.3684      0.5568
     -0.5038     -1.0162     -0.7921     -0.2688
      1.3010      0.5856      1.2976      0.4009
     -1.7706     -0.6284     -1.0200     -1.3433
      0.4768      0.8807      1.1195      0.4792
      1.0477      1.5551      1.3261      0.4477
      0.2867     -0.0888      0.2366      1.0398
      1.2064      0.5996      1.0877      1.2727
     -0.2200      0.4929      0.0941     -0.8755
      0.9522      1.3471      1.1658      0.0430
      1.2064      1.6984      1.6573      0.3852
     -1.7401     -0.6059     -0.6748     -0.7821
     -1.7385     -0.7436     -1.4578     -0.7050
     -0.5992     -0.6424     -0.8100     -1.3275
     -1.1701      0.5575     -0.3331     -0.9690
      0.3822     -0.6565     -0.3152      0.6503
      0.3197     -0.3699     -0.1086      0.2917
     -0.4725     -0.5778     -0.7245      0.0739
     -0.1245     -0.0102     -0.4006     -0.8913
      0.0976      0.2624      0.5002     -0.5801
     -0.0604      0.0826      0.2617      0.0582
     -1.8652     -2.1655     -2.2268     -2.0598
     -2.1185     -1.7131     -1.6856     -1.8729
     -0.1558     -0.5778     -0.6391     -0.8604
      0.7622      0.7008      0.7101     -0.1906
     -3.1328     -3.0985     -2.8321     -2.3552
      0.2867      0.9453      1.0055      0.5726
     -0.1879      0.6362     -0.1158     -1.7789
      0.0030     -1.0162     -0.7636     -1.0163
     -1.1693     -1.1595     -0.4682     -0.5334
     -1.1701     -0.6059     -0.7033     -0.8755
      0.4463     -0.8223     -0.6212      0.1516
     -0.2504     -0.7577     -0.5643     -1.8104
      0.3518      0.6137      0.3365     -0.7050
     -0.5984      0.3551     -0.0907     -0.7518
     -0.0300     -0.5413     -0.0767      0.3858
     -0.0933     -1.1230     -1.0451      0.1055
      1.0164     -0.3052      0.2902      0.5253
      0.2867      0.8160      0.6353     -1.1091
      1.1110      1.0380      1.3831      1.7557
     -0.3467      0.4282      0.3220     -1.0157
      0.2867      0.4282      0.0941      1.2733
     -0.1558      0.4563     -0.4112     -0.2998
      0.3501      0.9453      0.8631      0.7595
     -0.0933      0.1697     -0.0483      0.3858
     -0.1245     -0.2687     -0.5146     -0.1906
     -2.3085     -0.8729     -1.4008     -1.7328
      1.2064      0.9228      0.6889     -0.2221
     -0.2816     -0.4851     -0.0052      1.4438
     -1.5501     -1.7047     -1.8141     -2.1836
      0.1601      0.1697      0.1796     -1.7164
      0.0976      0.2624     -0.2404     -0.5334
     -0.2512     -0.7211     -1.1696     -0.9847
      0.6997      0.5996      0.8313      0.3385
     -2.5948     -1.5614     -1.8247     -1.5920
     -0.1550      0.4198     -0.0337      0.4628
     -0.0291      1.1027      0.8704     -0.0662
      0.3188     -0.3980      0.1120     -1.5920
      0.0663     -0.6930     -0.2510     -0.1754
      0.5401      0.2343      0.5783     -0.1748
      0.5089      0.6362      0.3399      0.8838
      0.3501      0.8807      1.3473      1.0865
      0.5409      0.8441      0.4717      0.9615
      0.9531     -1.4686     -0.9345      1.7866
     -0.5367     -0.9937     -1.1590     -0.6420
      0.6997      0.4057      0.3187     -0.2221
      1.5544      0.5856      1.1552      1.8491
      0.9210      0.4563      0.7280      1.2885
     -0.6304     -1.0162     -1.2193      0.5720
     -0.2816     -0.6144     -0.3470     -0.2846
     -0.1558     -0.9656     -0.1834     -0.1596
     -2.7215     -2.2723     -2.0241     -0.1439
     -0.1558      0.5210      0.3862      0.1674
      0.8897      1.1813      1.3440     -0.3623
      0.4768      0.5575      0.6068      0.0120
     -0.0291     -0.3839     -0.0410      0.7279
      1.0789      1.1532      1.1943      1.5846
     -0.4421      0.0264      0.1332     -1.5605
      0.4455     -0.3980     -0.6570     -0.0504
      0.6676      0.0685     -0.1264     -1.0939
     -2.3102     -3.0620     -3.2097     -3.3981
     -0.0620      0.0910      0.4750      0.4950
      0.5089     -0.5919     -0.0304     -1.2650
      1.1431      0.6643      0.8313      0.6655
      0.9210      0.2624      0.3862      1.1017
      0.8264      1.5045      1.1731     -0.5491
      0.0655      0.5715     -0.4861     -1.3117
     -0.5367     -0.6705     -0.8457     -1.3427
     -1.3593     -1.0949     -1.0948     -0.2531
     -2.3719     -1.9716     -1.7711     -1.7795
      0.2555     -1.1089     -1.1981     -1.3117
      0.0976     -0.5132     -0.1834      0.5878
      1.0164      0.5350      0.7174      0.3385
      0.5097     -0.1760      0.6604      0.2917
      0.8256      1.4764      1.3652     -0.0037
     -1.6447     -2.5955     -2.2804     -0.4709
      1.3019      1.0661      0.9631     -0.4715
      0.0030      0.2118      0.3756      1.4129
     -0.6321      0.7373      0.7313      0.4015
     -0.3779      0.5715      0.3684     -1.2183
      1.0164      0.5996      1.0877      0.9925
      0.3197     -1.0808     -0.2225     -0.9696
     -1.8972     -0.3052     -0.5073     -0.3623
      0.0334     -0.2181     -0.5324     -0.8755
      0.6676      0.9088      0.7280     -1.2341
     -0.6938     -1.0162     -0.3079      0.6655
