     -1.8079      0.7696
     -1.3722      1.2232
      2.0398      1.0431
      0.0615      1.2165
      0.1704      0.5962
      0.8284      0.9564
      1.4907      1.6634
      0.0615      1.2165
     -0.9320     -0.3776
      0.3883      0.9564
      0.7195      1.3099
      1.2685      1.2232
     -0.0518     -0.1108
      0.3883      0.9564
      2.2577      0.3361
      0.9417     -0.9179
      0.6105     -0.2042
     -0.2697     -1.2713
      0.1704     -0.2042
     -1.5900     -1.0045
      0.0615      1.7501
      0.5016      0.5962
     -0.4919     -0.9111
      0.7195      1.0431
     -0.7098     -1.2713
     -1.3722      0.1560
     -1.0410      1.5767
      0.2793     -0.3776
      0.0615     -0.3843
      1.0506      0.8630
     -0.2697     -1.0045
      1.4907      0.3294
      1.1596     -0.6443
     -0.8188      0.8630
      0.3883     -0.6443
     -0.3830      0.3361
     -0.6009      1.8435
      0.3883      0.4228
      2.1487     -0.3776
     -1.0410      1.0431
      1.2728      0.9497
     -1.0410      0.4228
     -0.4919     -0.6443
      0.1704     -2.0717
      0.0615      0.6829
      0.2793     -0.2909
     -0.0518     -0.9111
      0.8327     -1.7182
     -0.3830      1.1365
     -2.1391     -1.4514
     -1.3722     -0.3776
     -0.1608      1.3099
      0.3883     -0.9111
     -0.0518     -0.3776
     -0.4919     -0.1108
     -0.8188      1.2165
      0.7195      2.1103
      1.9308      1.6634
      1.3818     -0.7378
      1.0506     -0.4710
      0.0615     -0.3843
     -0.1608     -0.2909
     -3.4594     -0.9179
     -0.4876     -0.3843
      1.1596      1.8435
     -0.9320     -0.6443
     -0.6009      0.2427
     -0.1608     -1.4447
     -1.8123      0.6896
      0.2793     -0.2909
     -0.7098      1.1298
     -1.5900      0.0626
      0.8284     -0.1108
      1.9308      0.8630
     -0.7098     -0.7378
      1.1596      0.2427
     -0.8188     -0.3843
     -1.6990     -0.6511
     -1.1499      0.5962
      0.0615      0.4161
     -0.3787      0.1493
     -0.4919      0.1560
     -0.3830     -0.1975
      0.3926      0.6829
     -1.2589     -2.7854
     -1.9212     -0.5577
     -0.3787      1.2165
     -0.3787      0.6829
     -0.6009     -0.5577
     -0.3787      0.9497
     -0.9320      2.2903
     -0.3830     -0.9978
     -0.3787      0.9497
      0.3883     -0.1108
      0.5016     -0.6511
      0.0615      0.4161
      0.8284     -1.1779
     -0.6009     -0.8244
     -1.1499     -1.5381
     -0.1608     -0.8244
     -0.1608     -0.5577
      0.9417      0.6829
     -1.8123      0.6896
     -0.6009     -0.5577
      2.0398      2.1103
     -1.9212     -0.8244
     -0.9320     -0.3776
      0.8284     -0.6443
     -0.7098      0.3294
      0.0615      0.6829
     -0.3787     -0.9179
     -0.0518     -0.3776
     -0.4876      0.5028
     -0.2697      1.9302
     -0.4876     -0.6511
      0.8284     -0.6443
     -0.9277     -0.1175
     -0.3787     -0.2042
     -0.3787     -0.6511
     -0.1608     -0.2909
      0.8284     -0.9111
      0.3883     -0.9111
     -0.3787     -0.7378
      0.3883     -0.3776
     -0.8231     -1.5314
     -0.9320     -0.7310
     -0.0518      0.4228
     -1.2589     -0.9179
      0.2793     -1.3580
      0.6105      0.0626
      0.9417      0.4161
     -1.8079     -1.4514
     -0.0518      1.7568
      0.6105     -0.2042
     -2.3613     -0.1108
     -0.8188     -0.3843
     -1.9212      0.5095
      0.7195     -1.0912
      0.8284      0.1493
      1.4907      1.1298
      0.5016     -0.1175
     -1.3722     -0.1108
     -1.4811     -1.3580
      0.2793     -0.0241
     -1.2632     -0.5509
      0.3926     -0.9179
      0.8284     -1.7115
     -2.3613     -1.0912
      0.1704     -0.7378
      0.2793      0.2427
     -1.8079     -1.7182
      0.2793      0.1560
     -2.5792      1.7501
      0.5016      1.2165
      0.5016      0.6829
     -0.7098      0.8630
     -0.0518      0.1560
      1.7086      0.4228
      1.5997     -0.2909
      1.7130     -1.3647
      0.6105      1.3966
     -0.4919      0.4228
      1.3818      0.9497
     -0.6009     -1.0912
     -0.3787     -1.1846
      0.1704     -0.7378
      0.8284     -0.1108
     -2.0301     -2.6053
     -0.6009     -0.2909
      1.0506      1.1298
     -0.3787      0.1493
     -2.0301      0.0626
     -0.7098      0.0626
      0.5016      0.1493
      1.2685      0.9564
      1.2685      0.6896
     -0.7098      0.3294
      1.1596     -1.0912
      1.0506     -1.0045
      0.6105     -0.7378
     -0.6009     -0.0241
      0.3926      0.7696
     -0.2697     -1.8049
      0.2793      2.1103
      0.6105      0.3294
      0.3883      0.6896
     -0.8188     -1.4514
      0.8284     -0.3776
      0.1704      1.9302
     -0.1608     -0.2909
      0.6105      1.6634
     -1.1499     -1.2713
      0.2793     -1.8916
      0.7195     -0.5577
     -0.2697      1.1298
     -0.3787     -0.9179
     -0.7098      1.1298
      0.0615     -1.1846
     -1.1499      0.3294
      0.8284      2.2903
      2.1487      0.1560
      0.0615     -1.1846
     -0.8188     -0.9179
     -0.4919     -1.4447
     -0.0518      0.1560
     -0.4919     -0.9111
      0.7195     -0.0241
     -1.0453     -0.0241
     -1.3722      0.1560
      0.4972     -0.1975
      0.0571      0.0693
     -0.6009     -0.5577
     -0.3787     -0.6511
     -0.2697      1.3966
      1.1596     -0.8244
     -0.2697      0.5962
     -0.9277     -0.9179
      0.8284      0.6029
      1.0506     -1.5381
      0.7195     -0.5577
      1.3818     -1.6315
     -0.8188      0.6829
     -0.7098     -0.5577
     -2.0301      1.9302
     -0.4919      0.4228
      0.8327      1.0364
      0.8327      0.6829
     -0.3787      0.8630
      1.4907      1.1298
     -1.3722      0.6029
     -0.7098     -1.5381
      0.6105     -1.0045
      0.0615     -0.6511
     -0.9320     -0.3776
     -0.2697     -0.7378
     -0.1608      1.5767
     -0.9320      0.1560
     -1.8079     -0.3843
     -0.2697      0.3294
     -0.9277     -0.1175
      0.9417     -0.7378
      0.7195     -1.1779
      1.3818      1.4833
     -0.0518      1.7568
      0.8284      2.0236
      0.9373     -0.1975
     -0.9320     -0.6443
      0.0571     -0.2842
      0.5016     -2.2518
      0.7195      1.5767
     -1.1499     -1.2713
      1.3774     -0.1975
      0.2793      1.3099
      0.8327     -0.1175
     -0.6009     -1.3580
     -0.8188     -0.6511
     -0.8188     -0.6511
      1.7130      0.6829
      0.6105     -1.0045
     -1.3722     -0.3776
      0.2793      0.2427
      0.8284      0.3361
      0.2793      0.7763
      1.9308      1.6634
      0.2793     -0.0241
     -0.7098      0.0626
     -1.8123     -0.4642
      1.3818      1.7501
     -0.0475     -0.2976
      1.1596      1.0431
     -0.9320     -1.4447
     -1.8123      0.6896
      1.4907      0.3294
      0.1704     -0.2042
     -1.1499     -0.0241
     -0.1608     -0.5577
      1.8219     -0.1175
     -1.0410      1.0431
     -0.7098     -2.0717
     -0.8188     -1.8049
      0.7195      0.2427
      0.1704      0.1493
      1.0506     -0.7378
      0.5016     -0.1175
      0.2793      1.0431
     -0.6009     -0.8244
     -0.7098      0.3294
      0.2793      1.0431
     -1.4811      1.8435
      0.6105      0.0626
     -0.2697      1.1298
     -0.4919     -1.1779
     -0.0518      0.4228
      0.6105      0.0626
     -0.4919      0.6896
     -0.3787     -0.3843
      0.5016      1.7501
      0.2793      0.5095
      1.8176      0.0693
     -0.4919     -1.1779
      1.4907      0.5962
     -1.9212     -0.8244
     -1.4811     -0.0241
     -0.2697     -1.0912
     -0.0518      0.6896
     -1.3722     -0.3776
     -0.1608      0.5095
      0.2793     -1.0912
      0.2793     -0.2909
      1.2728      0.1493
     -1.1499      1.3966
      0.5016     -0.4710
     -0.0475      1.4833
      0.3883     -1.4447
     -1.0410     -0.5577
     -0.6009     -0.8244
      1.2728     -0.1175
      1.8219      1.7501
     -0.7098     -1.0045
     -0.6009      1.8435
      2.2577     -0.5509
     -0.4876     -1.3647
      0.6105      0.5962
     -1.1499      0.0626
      2.0398      0.2427
     -0.0518     -0.1108
     -0.3787     -1.7182
      0.5016      0.1493
      1.1596      1.3099
      0.5016     -1.1846
     -0.9320     -0.3776
      0.8327      1.7501
      1.5997      1.3099
     -1.0410      0.5095
      0.1704     -0.7378
      1.2685     -0.3776
     -0.1608     -0.9111
      0.9417      1.7501
      0.9417     -1.4514
     -0.0518     -0.9111
     -2.1391      1.2165
     -0.1608      0.5095
     -1.3722      0.9564
     -1.0410     -0.2909
     -0.3787     -0.9179
      0.7195     -0.4710
     -0.1608      2.1103
      0.1704     -1.2713
      0.8327      0.1493
     -0.1608      1.0431
     -0.8231      0.3361
     -0.1608      1.0431
     -0.3787      1.2165
      0.9417      0.6829
      0.5016     -0.3843
      1.2685      1.2232
     -0.2697      1.9302
     -1.6990     -1.2713
      1.3818      1.2165
      0.0615     -0.3843
     -0.0518     -0.9111
     -0.9320     -0.6443
      1.5997      0.2427
      1.3774      1.1365
     -0.2697     -1.8916
     -0.0475     -0.1175
     -1.4811     -0.5577
     -0.1608      0.6896
      0.8284     -1.4514
     -0.8188      0.4161
      1.2685      0.4228
      1.2685     -0.6443
      0.1704      0.3294
      1.9308      0.0626
     -2.2480     -0.6511
     -0.4876     -0.1175
      0.9417      1.4833
      0.4972      0.3361
      0.8284      1.2232
     -1.2589     -0.4710
      0.7195     -0.5577
      0.4972     -0.7310
      0.2793      0.2427
     -0.2697     -0.0241
      1.0506      1.1298
     -0.2697     -0.7378
      0.7195      0.2427
     -1.7033     -0.1975
     -1.7033     -1.2646
      0.8327      0.5028
      1.1596     -1.8916
      1.7086      1.4900
      0.5016     -1.1846
      0.4972     -0.7310
     -1.6990     -0.3843
     -1.0410     -0.2909
      0.3883     -0.6443
      0.4972     -0.4642
     -0.3830     -0.4642
     -2.4703     -0.4710
     -1.8079     -0.5644
     -0.2697     -1.8049
      0.7195     -0.8244
      0.3883      1.7568
      0.7195      0.2427
     -1.2589      0.6829
      0.2793     -0.3776
     -0.8188     -0.9179
      1.2685     -0.1975
     -1.1499      0.0626
      0.3883      1.2232
      0.0615     -0.6511
     -0.1608      1.0431
     -3.5684     -1.0980
     -0.1608     -0.0241
      0.3926      1.2165
      1.7086      0.4228
     -0.7098     -0.4710
     -1.3678      1.4833
      1.0506     -0.2042
     -0.7098     -1.0045
     -1.8123     -1.1779
      0.3883      0.4228
      0.7195     -0.5577
     -1.0410     -0.8244
     -0.4919      0.6896
     -1.0410     -0.8244
     -0.7098      0.8630
      0.8284     -0.9111
      0.2793      0.7763
      1.5997      1.5767
     -0.2697     -0.7378
      0.1661      0.1627
     -0.4919     -0.9111
     -0.9320     -0.3776
      0.9417     -0.9179
      1.5997     -0.3776
     -0.0518     -0.3776
     -0.1608      0.6896
     -1.0410     -1.4447
     -0.9320     -0.9111
      0.3926      0.4161
      0.1704     -0.7378
      1.0506     -1.9850
      1.9308     -0.0241
      1.8219      1.7501
     -0.3787      0.4161
     -1.1499      0.8630
      0.8284      0.1560
      0.3883      0.6896
     -0.0518      0.1560
      0.8327      0.1493
     -0.2697     -0.1175
     -0.9277     -1.1846
     -1.5900      1.1298
      0.9417      0.4161
     -1.3722     -0.1108
     -0.0475     -0.8312
      0.1704      1.1298
      0.6105      1.3966
      1.4907      1.1298
     -0.6009     -0.0241
     -0.6009     -0.5577
     -0.7098     -0.7378
     -2.4703      0.2427
     -0.1608      1.3099
      1.0506     -0.7378
      0.6105      0.3294
     -0.1608      1.8435
     -0.3830     -0.9978
     -2.2524      0.4228
      0.1704     -1.5381
      1.5997      1.8435
     -0.4919      0.1560
      0.6105      1.3966
     -0.8188     -1.4514
      1.4907      0.3294
     -0.8188      0.6829
     -0.0518      0.9564
      0.1704      0.0626
      1.1596      0.7763
      1.1596      2.2903
     -0.7098     -0.7378
     -0.9320     -1.7115
     -0.0475      0.5028
      0.6105      0.8630
      1.8219      1.7501
      1.8219      0.6829
     -0.9320     -0.9111
      0.0615     -0.6511
     -2.1391     -0.9179
     -0.0518      1.4900
      0.6105     -1.2713
      0.8284      0.4228
     -0.6009     -1.8916
     -1.1499      1.3966
     -0.6009      1.0431
      0.0615      0.1493
      1.4907     -1.2713
      0.6105     -1.5381
     -0.7098     -0.3843
     -0.1608     -1.3580
     -1.7033     -1.2646
     -2.1434     -0.2842
      1.2685     -0.3776
      0.6105     -0.7378
      2.1487      0.9564
      0.8284      0.1560
     -0.7098     -0.7378
      0.6105      0.8630
     -0.4919     -0.3776
      1.1596      1.8435
     -0.0518     -0.1108
      0.5016     -1.4514
     -2.2524      0.6896
      1.4907     -1.0045
      0.8327     -2.6987
      1.4907      1.1298
      1.3818      1.7501
     -0.4919     -0.3776
      1.5997      0.7763
      1.2685      2.0236
      0.7195     -0.2909
      1.1596      1.4900
     -0.9320     -0.1108
      1.1596      1.0431
     -0.1608     -0.6443
     -0.0518     -1.1779
     -0.2697      1.3966
      0.0615     -1.4514
      0.1704      0.8630
      0.3883     -0.3776
     -0.1608     -1.0912
     -0.3787     -0.9179
      0.2793      0.5095
      0.3883      0.4228
     -0.9277     -0.3843
     -0.1608     -0.5577
     -0.6009     -0.8244
      0.3883     -0.5577
      0.2793     -0.8244
     -1.1499     -0.4710
      1.5997      0.7763
      1.1596     -0.5577
      1.0506      0.8630
      0.6105     -0.4710
     -0.1608     -1.6248
     -0.6009      1.0431
     -0.6009      2.1103
      0.7195     -0.3843
      0.1704      0.3294
      0.8284     -0.1108
      1.4907      0.8630
     -0.1608      0.7763
      0.0615      0.3294
     -0.6009      0.7763
      0.0571      1.1365
      0.9417      0.4161
     -0.7098      0.0626
      1.0506     -1.2713
      1.8219      0.6829
      0.6105      1.1298
     -1.8123     -0.1108
      0.9417      1.2165
     -1.4811     -0.2909
     -0.0518     -0.3776
     -1.2589      0.8630
      0.6105     -1.0045
      0.8284      1.4900
      0.1704     -0.7378
      0.2793     -0.5577
     -0.1608     -0.8244
     -0.8231      0.6029
      1.0506      0.5962
      0.7195     -0.5577
     -1.8123     -1.4447
     -0.3787     -1.7182
     -1.5900     -0.7378
      1.0506      1.1298
      1.0506      1.6634
     -0.4919     -0.9111
      0.6105     -1.2713
      2.0398     -1.0912
      1.0506     -1.2713
     -0.9320     -1.1779
      0.6105      1.3966
      0.5016      0.9497
     -1.8123     -1.1779
     -0.9277     -1.3647
     -0.5965     -1.5448
      0.0615      1.7501
     -0.3787     -0.9179
     -0.4919      0.9564
      0.9417     -0.1175
     -1.9212     -1.6248
     -0.8188     -1.1846
     -0.4876      1.7501
      1.0506      0.8630
      0.9373      0.3361
      0.3926     -0.8312
     -0.4919      0.4228
     -0.2697     -0.0241
      0.0615      1.7501
      1.2685     -0.1108
     -0.7098     -1.2713
      0.3883      1.7568
      0.7195     -0.8244
     -0.0475      0.5028
     -0.1608      0.6896
      0.5016     -1.7182
      1.2728      1.5700
      1.0506      1.3966
      1.2728     -1.0980
     -1.3678      1.3032
      0.5016     -0.3843
      0.5016      0.8630
     -0.4876     -1.1846
     -0.7098      1.6634
     -1.0410      0.2427
     -0.0518     -0.6443
      0.9417     -0.3843
     -2.0301     -0.7378
     -0.4919     -0.3776
      0.2793     -0.8244
     -0.8188     -1.1846
      0.3926      0.9497
     -0.2697     -0.4710
     -0.8188      1.7501
      0.1704      1.3966
     -1.3678      0.5028
     -1.4811     -2.9588
     -0.4876      0.2360
      0.8284     -0.1975
     -0.2697     -0.7378
      0.4972     -0.1975
      0.3926     -1.1846
     -1.1499      0.5095
     -0.0518     -1.4447
     -1.5900      0.8630
      1.0506      0.5962
     -0.1608     -2.7787
      0.9373      1.6701
     -1.9212      0.5095
     -0.2697     -1.0045
      1.2728      1.0364
     -0.6009     -0.5577
      0.3926      0.7696
      0.6105      0.0626
     -1.9212     -0.0241
      1.1596     -0.5577
      1.4907     -0.4710
      0.6105     -0.8244
     -0.9277     -0.9179
     -2.1391      0.1493
     -0.4876     -0.1175
     -1.3722     -0.6443
      0.5016     -0.1175
      0.3883      2.2903
      0.7195      1.0431
      1.2685      0.3361
     -1.2589     -0.2042
     -1.0410      1.8435
      0.3883     -0.3776
      1.3774     -0.9978
      0.5016      1.7501
      0.6105      1.9302
      0.7195      1.3099
      0.5016     -0.6511
      0.2793      0.6896
     -0.2697     -0.4710
      1.2728     -0.5644
     -1.5900      1.1298
      0.6105      1.6634
      0.8284      0.9564
      0.1661      1.0498
      1.9308     -0.7378
     -1.4811      0.2427
      0.8284      0.4228
      0.6105      0.8630
      0.0615      1.2165
      0.7195      0.7763
      0.8284      1.4900
      1.4907     -0.7378
      1.5997     -1.0912
      1.0506      0.5962
     -0.4919     -0.6443
     -0.3787     -0.9179
      0.5016      1.6634
     -0.2697      1.3966
     -0.8231     -1.2646
     -1.3678     -0.9179
     -0.1608     -1.0912
      0.6105     -1.8049
      0.1704     -0.4710
     -0.6009     -1.0912
      0.5016     -0.9179
     -1.1499     -0.7378
     -0.0475     -1.1846
      0.6105     -0.2042
     -0.3787     -0.1175
     -0.4919     -0.3776
     -0.3787     -0.1175
     -0.7098     -1.0045
     -0.1608     -0.8244
      0.1704      0.3294
     -1.0410     -1.0912
      0.5016      0.6829
     -1.1499      0.8630
      0.1704      0.3294
     -2.3613     -0.2909
     -0.0518     -1.1779
     -0.0518     -0.9111
     -1.4811     -0.3776
      0.6105      1.9302
     -0.7098      0.0626
      0.8327     -1.0980
     -0.2697      1.1298
      0.0571      0.6029
     -1.2589     -1.7182
     -0.6009     -2.6920
      1.0506      1.3966
     -0.6009     -0.1108
      0.3926      0.1493
      0.0615     -1.5381
      1.2728      0.9497
     -1.1499      0.1493
     -0.2697     -0.0241
      0.2793     -1.0912
      1.7086     -0.3776
      1.7086     -0.6443
      0.9373      0.3361
     -0.8188     -0.3843
      0.3926      0.5028
     -2.1391     -0.3843
      0.6105     -0.4710
      0.3883      0.6896
      1.4907     -0.7378
     -0.1608     -0.0241
     -0.1608     -0.0241
      1.2685     -0.3776
     -0.0518     -0.3776
     -0.4919      0.9564
      0.1704      0.4161
      0.3883     -0.1108
      0.9417      1.2165
     -1.0410      0.7763
      0.8327      1.4833
     -0.2697     -0.7378
      0.9373      0.0693
      0.3883      0.6896
     -0.9320      0.1560
      1.2685      0.1560
      0.9373      2.1170
     -0.8188     -1.1846
     -1.8123     -0.9111
     -1.4811     -0.7378
      1.4907     -1.0045
      0.7195     -1.0912
      1.8219     -0.9179
      0.8284      0.6896
      0.9417     -0.6511
     -0.4919     -0.3776
      0.7195     -0.8244
     -1.1499      0.0626
     -1.1499      0.0626
      0.9417     -0.1175
     -1.9212      0.7763
      0.9417      0.2360
      0.7195     -0.3776
      0.2793     -2.1584
      0.1704     -0.7378
      0.3883     -0.3776
      1.0506      0.0626
      0.2793     -0.8244
      0.2793      0.2427
      1.4907     -0.4710
     -1.5900     -0.4710
      0.7195     -0.2909
      1.2685      2.0236
     -2.9104      1.1298
     -1.0410      0.0626
     -0.9277      1.3032
      1.8219      1.7501
     -0.1608     -0.8244
      0.0615      1.7501
      1.9308     -0.7378
      0.0615     -1.9850
      1.7086      2.2903
     -1.8079     -1.4514
      0.6105     -0.2042
     -0.2697      0.3294
      1.2728      1.2165
     -0.4876     -0.2109
     -0.4919      0.4228
      0.0571      0.8697
      0.3883      0.1560
      0.8284      0.9564
     -0.9320     -0.9111
      0.4972      0.0693
     -1.7033      0.6029
     -1.6990     -1.2713
     -1.4811     -0.2909
      0.2793     -0.9111
      0.5016     -0.1175
     -0.4919     -0.9111
     -0.4919     -0.6443
      0.3883      1.4900
      0.0615      1.2165
      0.2793      0.7763
      0.2793     -0.0241
     -0.6009     -1.1846
     -0.1608     -0.5577
     -0.9320     -1.4447
     -0.7098     -1.0045
      0.2793     -0.5577
     -0.0518      0.1560
      0.6105      0.3294
      0.5016     -1.0045
     -0.2697     -1.0045
     -0.4919      1.4900
     -0.7098     -0.2042
     -1.5900     -1.0045
     -0.4919     -1.1779
      0.0615      0.5028
     -0.9320      0.6896
     -0.6009     -0.3776
     -1.0410     -1.0912
      1.2685     -0.1108
      0.8284     -0.9111
     -1.8123     -2.5119
     -1.0410      1.3099
     -0.8188      0.4161
      0.3883     -1.7115
      0.5016     -0.1175
     -1.6990      0.6829
     -0.7098     -1.2713
      0.2793      0.5095
      0.0571      0.3361
      1.0506      0.8630
      0.7195      0.2427
     -2.1434      0.3361
      0.1704      0.3294
     -0.1608     -0.0241
      0.9417      0.9497
     -1.1499      0.5962
     -0.7098      1.1298
      1.0506     -0.2042
      0.3883     -0.3776
      0.7195      1.8435
      0.7195      0.7763
     -0.0475      1.5700
      0.7195     -1.0912
     -0.9320     -0.6443
     -2.5792      0.4161
     -0.1608     -1.3580
     -0.8188     -0.1175
     -0.2697     -0.2042
     -0.4876     -0.8312
      0.6105      0.0626
     -0.2697      0.0626
     -0.2697     -0.2042
     -1.0410     -0.0241
     -1.8123     -0.6443
     -0.4919     -0.1108
      1.8219     -1.9850
      0.1704      0.5962
      0.0615      0.6829
     -1.3722     -0.6443
      0.5016     -0.9179
     -0.9320     -1.7115
      0.9417      0.9497
      0.5016     -0.6511
     -0.7098      1.1298
     -0.2697     -0.7378
      0.2793     -0.2909
     -0.9320     -0.1108
     -0.1608      0.7763
      1.5997     -0.0241
     -0.4919     -1.1779
     -2.0301     -0.2909
     -0.9320      0.4228
      1.5997     -0.7378
     -1.1499     -0.7378
      1.9308     -1.4514
      1.5997     -0.2909
     -0.6009      0.7763
      0.3926      0.4161
      2.1487      2.0236
      0.3883     -0.1108
      0.8327     -0.5644
     -0.8231     -0.1975
      0.1704      0.3294
      1.3818      1.2165
     -1.5900      0.5962
     -1.2589     -0.1175
      0.8284      1.4900
      0.8284      2.0236
      0.3883     -0.3776
     -2.1391     -0.3843
      0.5016      0.1493
      0.9417     -0.1175
     -0.6009      0.7763
     -1.6990      0.9497
     -1.8123     -0.3776
      1.0506      1.1298
     -0.8188      0.1493
      0.9417      0.9497
      1.7130     -0.8312
     -0.2697      1.6634
      0.0615      1.7501
      0.3883     -0.3776
      0.6105      1.3966
     -1.0410     -0.2909
      0.8327      0.2360
     -1.1499      0.3294
      1.2728      1.7501
      0.2793     -1.8916
     -1.3722      1.2232
     -1.9212     -1.3580
     -0.3787     -0.1175
      1.2685      2.2903
      0.8327     -0.5644
      0.0615     -1.7182
     -0.3787     -0.9179
      0.5016      1.2165
     -1.8123     -0.3776
     -0.2697     -0.7378
      0.9417      0.4161
     -2.2480     -0.6511
     -1.5900      1.0431
      1.0506      1.6634
     -0.6009     -0.2909
      0.6105      0.5962
      2.1487      1.2232
     -2.1391      0.4161
     -0.1608     -0.0241
      0.8284      0.1560
     -0.8188     -0.6511
     -0.6009      0.5095
     -0.4919     -0.7310
      0.8284     -0.9111
     -0.3830     -2.0650
      0.9417     -0.9179
      1.4907     -0.4710
     -0.1608     -1.3580
     -0.6009     -0.5577
      1.1596      0.5095
     -0.0518      0.1560
     -0.0518      0.4228
     -0.0518     -1.1779
      1.3774     -1.3513
     -0.9320     -1.7115
     -0.2697     -0.7378
      1.1596      2.1103
     -0.9320      0.6896
      1.4907      1.9302
      1.0506     -1.2713
     -0.9277     -1.9850
      1.7086      1.4900
     -0.4919     -0.9111
      1.9308      1.1298
      0.0615     -0.3843
     -0.1608     -0.5577
     -0.8231      0.3361
     -0.3830      0.6029
      0.1704      0.8630
     -0.6009      1.0431
     -2.6925     -0.9111
     -0.3830     -0.9978
     -0.6009      1.5767
     -1.4811     -1.3580
     -0.4919      0.1560
      0.8284     -1.1779
      1.7130      0.1493
      1.7130      0.1493
     -1.3678      1.4833
      1.7086      0.6896
      1.8219      1.7501
      0.7195      0.5095
     -0.1608     -1.0912
      0.3926      0.9497
      0.8284      1.4900
     -0.8188      1.7501
     -0.1608     -0.5577
      0.8284     -0.6443
     -1.0410     -2.5119
      0.0615     -1.4514
      0.1704      0.8630
      0.3883     -0.6443
     -0.0518     -1.4447
      0.2793      1.3099
      1.2728      0.2360
      1.1596      0.5095
     -1.4811      0.7763
      1.4907      1.3966
      0.7195      1.5767
      1.2685      1.7568
     -1.2589      0.1493
      0.7195     -0.8244
     -0.2697     -0.7378
      0.5016     -0.9179
     -0.0518     -0.6443
     -1.6990      0.1493
      1.8219      0.1493
     -0.0518      0.9564
      0.5016     -0.3843
     -0.1608     -0.2909
     -1.5900      1.1298
     -0.7142     -1.4380
     -0.8188      1.2165
      2.0398      2.1103
      0.2793     -0.0241
      1.0506      1.6634
     -0.3787     -0.9179
      0.3883      0.4228
      0.3883      0.9564
     -1.6990     -0.9179
     -0.0518      0.4228
      0.2793     -0.3776
     -0.3787     -0.3843
     -1.1499      0.3294
     -0.1608      0.5095
      0.1704      1.1298
      0.0615     -1.4514
      1.7086      0.9564
     -1.8079     -0.3843
      0.0615      0.9497
     -0.2697      1.3966
      0.4972      0.6029
     -0.0518     -0.9111
      0.0615      0.8630
      0.0615     -1.1846
      0.8284     -0.6443
      0.8284      0.1560
     -0.3787      0.6829
      1.3774     -0.1975
     -0.4919     -0.4642
     -0.4919      0.1560
     -0.3787     -0.9179
      1.0506      1.9302
     -1.3722     -0.1108
      0.2793      1.5767
     -2.1434     -2.3318
     -0.2697      1.1298
      0.3883      0.1560
      1.7130     -1.1846
     -0.7098      1.7501
      0.3883      0.9564
     -0.7098     -1.0045
      1.5997     -0.5577
     -0.2697     -1.0912
     -1.2589     -0.6511
     -0.9320     -0.6443
     -1.0410      0.9564
      1.0506      0.0626
      1.3774     -0.1975
     -0.8231      0.3361
      0.3883      0.1560
     -0.2697      0.0626
      0.6105     -0.2042
      0.6105      1.6634
      1.1596     -0.3776
      1.9308      1.0431
      0.1704     -1.5381
      0.3926      0.7696
     -1.0410     -0.0241
      0.2793     -0.8244
      0.5016      0.4161
     -0.4919     -0.6443
      1.0506     -0.2042
      0.1704      0.5962
      0.3883     -0.6443
     -0.7098     -1.0045
      0.6105      0.0626
     -1.2632     -1.2646
      1.4907     -0.5577
      0.6105     -1.6248
     -1.4811     -0.8244
      0.0571     -0.4642
      1.0506      0.5962
      0.3926     -0.8312
     -2.2480      1.7501
     -2.0301     -1.0045
      0.0615     -1.1846
     -0.7098     -1.2713
     -1.5900      1.1298
     -1.4811     -1.3580
     -0.7098     -0.7378
     -0.9320     -0.3776
     -0.3787     -1.4514
     -0.6009      1.3099
      0.6105      0.5962
      1.3818     -0.3843
     -0.7098     -0.4710
      0.3883      1.4900
     -1.9212     -0.8244
     -0.0518     -0.1108
      0.5016      0.9497
     -0.1608      1.3099
      0.0615     -0.1175
     -0.4919     -0.6443
      0.5016     -1.1846
      1.0506      1.3966
      0.8284     -0.3776
      0.0615      1.2165
     -0.4919      0.0693
      0.7195     -0.2909
      0.7195      0.1493
     -0.2697     -0.7378
     -0.0518      0.4228
     -1.0410     -0.2909
      0.1704     -0.2042
      0.7195      1.3099
      0.3883      0.4228
      0.3883     -0.1975
      0.3883     -0.4642
      1.5997     -1.8916
      0.6105      1.6634
     -1.0410     -1.0912
      0.9417      1.4833
     -0.2697      1.9302
      0.8284      0.9564
      1.5997     -0.8244
      0.9417     -0.1175
     -0.0518     -0.1108
      0.3883      0.6896
     -0.3830     -0.7310
      0.9373      1.4033
     -0.8188      0.6829
      0.1704      1.2165
     -0.9320     -0.9111
      0.0615     -0.9179
     -1.4811     -1.0912
      1.8219     -0.6511
     -0.1608     -0.3843
     -1.0410     -0.0241
     -0.0475     -0.6511
     -1.3678     -1.4514
     -0.2697     -0.4710
     -0.3830     -0.9978
      0.3883      0.4228
     -0.8231     -0.4642
      1.3818      0.6829
      1.3818     -0.1175
      1.0506      1.8435
      0.1704     -0.2042
      0.8284      2.2903
     -2.0301     -0.4710
     -0.3830     -0.7310
     -0.1608     -0.2909
      1.0506      0.0626
     -1.3722      0.1560
     -0.8188      0.4161
      1.0506      0.8630
      1.8219      0.9497
     -0.1608      0.2427
     -0.0518      1.2232
      1.9308      1.2165
     -1.3722     -0.3776
      1.1596     -0.2909
      0.2793      0.5095
      1.2685      0.4228
      0.0571      0.0693
      0.7195     -0.2909
      0.2793     -1.0045
     -1.0410     -1.8916
     -0.0518      0.1560
      0.9417      1.7501
      0.2793      1.5767
      1.9308     -0.7378
     -0.4876     -0.8312
      0.0615      0.3294
      1.1596      0.7763
     -2.5792     -1.9850
     -2.7971     -1.3647
     -0.2697     -1.2713
     -0.0518     -0.1108
      1.1596     -1.0912
      0.3883      2.2903
      1.0506     -1.0045
     -0.0475     -0.6511
     -1.0410     -0.5577
     -0.0518      2.4704
     -1.1499      0.5962
      1.0506     -0.2909
     -0.4919      0.9564
      0.3883     -0.3776
      0.6105     -1.0045
      1.0506     -1.0045
     -0.3830      1.1365
      0.3883     -0.6443
     -0.4876      0.2360
     -2.0301     -0.4710
      0.3883     -0.3776
     -0.4919      2.2903
     -0.9320     -0.9111
     -0.3787     -1.1846
     -1.0410     -0.5577
      0.3883     -0.9111
